#ASTEX case using dz = 5m, Nlev =427
#height       thl       qt              u            v            tke
 7.5 288.000 0.01020 -0.70000 -10 1
22.5 288.000 0.01020 -0.70000 -10 1
37.5 288.000 0.01020 -0.70000 -10 1
52.5 288.000 0.01020 -0.70000 -10 1
67.5 288.000 0.01020 -0.70000 -10 1
82.5 288.000 0.01020 -0.70000 -10 1
97.5 288.000 0.01020 -0.70000 -10 1
112.5 288.000 0.01020 -0.70000 -10 1
127.5 288.000 0.01020 -0.70000 -10 1
142.5 288.000 0.01020 -0.70000 -10 1
157.5 288.000 0.01020 -0.70000 -10 1
172.5 288.000 0.01020 -0.70000 -10 1
187.5 288.000 0.01020 -0.70000 -10 1
202.5 288.000 0.01020 -0.70000 -10 1
217.5 288.000 0.01020 -0.70000 -10 1
232.5 288.000 0.01020 -0.70000 -10 1
247.5 288.000 0.01020 -0.70000 -10 1
262.5 288.000 0.01020 -0.70000 -10 1
277.5 288.000 0.01020 -0.70000 -10 1
292.5 288.000 0.01020 -0.70000 -10 1
307.5 288.000 0.01020 -0.70000 -10 1
322.5 288.000 0.01020 -0.70000 -10 1
337.5 288.000 0.01020 -0.70000 -10 1
352.5 288.000 0.01020 -0.70000 -10 1
367.5 288.000 0.01020 -0.70000 -10 1
382.5 288.000 0.01020 -0.70000 -10 1
397.5 288.000 0.01020 -0.70000 -10 1
412.5 288.000 0.01020 -0.70000 -10 1
427.5 288.000 0.01020 -0.70000 -10 1
442.5 288.000 0.01020 -0.70000 -10 1
457.5 288.000 0.01020 -0.70000 -10 1
472.5 288.000 0.01020 -0.70000 -10 1
487.5 288.000 0.01020 -0.70000 -10 1
502.5 288.000 0.01020 -0.70000 -10 1
517.5 288.000 0.01020 -0.70000 -10 1
532.5 288.000 0.01020 -0.70000 -10 1
546.8 288.000 0.01020 -0.70000 -10 1
560.0 288.000 0.01020 -0.70000 -10 1
571.9 288.000 0.01020 -0.70000 -10 1
582.9 288.000 0.01020 -0.70000 -10 1
592.8 288.000 0.01020 -0.70000 -10 1
601.9 288.000 0.01020 -0.70000 -10 1
610.3 288.000 0.01020 -0.70000 -10 1
617.9 288.000 0.01020 -0.70000 -10 1
624.8 288.000 0.01020 -0.70000 -10 1
631.2 288.000 0.01020 -0.70000 -10 1
636.9 288.000 0.01020 -0.70000 -10 1
642.4 288.000 0.01020 -0.70000 -10 1
647.5 288.000 0.01020 -0.70000 -10 1
652.5 288.000 0.01020 -0.70000 -10 1
657.5 288.000 0.01020 -0.70000 -10 1
662.5 288.000 0.01020 -0.70000 -10 1
667.5 288.550 0.01009 -0.83000 -10 1
672.5 289.100 0.00998 -0.96000 -10 1
677.5 289.650 0.00987 -1.09000 -10 1
682.5 290.200 0.00976 -1.22000 -10 1
687.5 290.750 0.00965 -1.35000 -10 0
692.5 291.300 0.00954 -1.48000 -10 0
697.5 291.850 0.00943 -1.61000 -10 0
702.5 292.400 0.00932 -1.74000 -10 0
707.5 292.950 0.00921 -1.87000 -10 0
712.5 293.500 0.00910 -2.00000 -10 0
717.5 293.530 0.00909 -2.00000 -10 0
722.5 293.560 0.00907 -2.00000 -10 0
727.5 293.590 0.00906 -2.00000 -10 0
732.5 293.620 0.00904 -2.00000 -10 0
737.5 293.650 0.00903 -2.00000 -10 0
742.5 293.680 0.00902 -2.00000 -10 0
747.5 293.710 0.00900 -2.00000 -10 0
752.5 293.740 0.00899 -2.00000 -10 0
757.5 293.770 0.00897 -2.00000 -10 0
762.5 293.800 0.00896 -2.00000 -10 0
767.5 293.830 0.00895 -2.00000 -10 0
772.5 293.860 0.00893 -2.00000 -10 0
777.5 293.890 0.00892 -2.00000 -10 0
782.5 293.920 0.00890 -2.00000 -10 0
787.5 293.950 0.00889 -2.00000 -10 0
792.5 293.980 0.00888 -2.00000 -10 0
797.5 294.010 0.00886 -2.00000 -10 0
802.5 294.040 0.00885 -2.00000 -10 0
807.5 294.070 0.00883 -2.00000 -10 0
812.5 294.100 0.00882 -2.00000 -10 0
817.5 294.130 0.00881 -2.00000 -10 0
822.5 294.160 0.00879 -2.00000 -10 0
827.5 294.190 0.00878 -2.00000 -10 0
832.5 294.220 0.00876 -2.00000 -10 0
837.5 294.250 0.00875 -2.00000 -10 0
842.5 294.280 0.00874 -2.00000 -10 0
847.5 294.310 0.00872 -2.00000 -10 0
852.5 294.340 0.00871 -2.00000 -10 0
857.5 294.370 0.00869 -2.00000 -10 0
862.5 294.400 0.00868 -2.00000 -10 0
867.5 294.430 0.00867 -2.00000 -10 0
872.5 294.460 0.00865 -2.00000 -10 0
877.5 294.490 0.00864 -2.00000 -10 0
882.5 294.520 0.00862 -2.00000 -10 0
887.5 294.550 0.00861 -2.00000 -10 0
892.5 294.580 0.00860 -2.00000 -10 0
897.5 294.610 0.00858 -2.00000 -10 0
902.5 294.640 0.00857 -2.00000 -10 0
907.5 294.670 0.00855 -2.00000 -10 0
912.5 294.700 0.00854 -2.00000 -10 0
917.5 294.730 0.00853 -2.00000 -10 0
922.5 294.760 0.00851 -2.00000 -10 0
927.5 294.790 0.00850 -2.00000 -10 0
932.5 294.820 0.00848 -2.00000 -10 0
937.5 294.850 0.00847 -2.00000 -10 0
942.5 294.880 0.00846 -2.00000 -10 0
947.5 294.910 0.00844 -2.00000 -10 0
952.5 294.940 0.00843 -2.00000 -10 0
957.5 294.970 0.00841 -2.00000 -10 0
962.5 295.000 0.00840 -2.00000 -10 0
967.5 295.030 0.00839 -2.00000 -10 0
972.5 295.060 0.00837 -2.00000 -10 0
977.5 295.090 0.00836 -2.00000 -10 0
982.5 295.120 0.00834 -2.00000 -10 0
987.5 295.150 0.00833 -2.00000 -10 0
992.5 295.180 0.00832 -2.00000 -10 0
997.5 295.210 0.00830 -2.00000 -10 0
1002.5 295.240 0.00829 -2.00000 -10 0
1007.5 295.270 0.00827 -2.00000 -10 0
1012.5 295.300 0.00826 -2.00000 -10 0
1017.5 295.330 0.00825 -2.00000 -10 0
1022.5 295.360 0.00823 -2.00000 -10 0
1027.5 295.390 0.00822 -2.00000 -10 0
1032.5 295.420 0.00820 -2.00000 -10 0
1037.5 295.450 0.00819 -2.00000 -10 0
1042.5 295.480 0.00818 -2.00000 -10 0
1047.5 295.510 0.00816 -2.00000 -10 0
1052.5 295.540 0.00815 -2.00000 -10 0
1057.5 295.570 0.00813 -2.00000 -10 0
1062.5 295.600 0.00812 -2.00000 -10 0
1067.5 295.630 0.00811 -2.00000 -10 0
1072.5 295.660 0.00809 -2.00000 -10 0
1077.5 295.690 0.00808 -2.00000 -10 0
1082.5 295.720 0.00806 -2.00000 -10 0
1087.5 295.750 0.00805 -2.00000 -10 0
1092.5 295.780 0.00804 -2.00000 -10 0
1097.5 295.810 0.00802 -2.00000 -10 0
1102.5 295.840 0.00801 -2.00000 -10 0
1107.5 295.870 0.00799 -2.00000 -10 0
1112.5 295.900 0.00798 -2.00000 -10 0
1117.5 295.930 0.00797 -2.00000 -10 0
1122.5 295.960 0.00795 -2.00000 -10 0
1127.5 295.990 0.00794 -2.00000 -10 0
1132.5 296.020 0.00792 -2.00000 -10 0
1137.5 296.050 0.00791 -2.00000 -10 0
1142.5 296.080 0.00790 -2.00000 -10 0
1147.5 296.110 0.00788 -2.00000 -10 0
1152.5 296.140 0.00787 -2.00000 -10 0
1157.5 296.170 0.00785 -2.00000 -10 0
1162.5 296.200 0.00784 -2.00000 -10 0
1167.5 296.230 0.00783 -2.00000 -10 0
1172.5 296.260 0.00781 -2.00000 -10 0
1177.5 296.290 0.00780 -2.00000 -10 0
1182.5 296.320 0.00778 -2.00000 -10 0
1187.5 296.350 0.00777 -2.00000 -10 0
1192.5 296.380 0.00776 -2.00000 -10 0
1197.5 296.410 0.00774 -2.00000 -10 0
1202.5 296.440 0.00773 -2.00000 -10 0
1207.5 296.470 0.00771 -2.00000 -10 0
1212.5 296.500 0.00770 -2.00000 -10 0
1217.5 296.530 0.00769 -2.00000 -10 0
1222.5 296.560 0.00767 -2.00000 -10 0
1227.5 296.590 0.00766 -2.00000 -10 0
1232.5 296.620 0.00764 -2.00000 -10 0
1237.5 296.650 0.00763 -2.00000 -10 0
1242.5 296.680 0.00762 -2.00000 -10 0
1247.5 296.710 0.00760 -2.00000 -10 0
1252.5 296.740 0.00759 -2.00000 -10 0
1257.5 296.770 0.00757 -2.00000 -10 0
1262.5 296.800 0.00756 -2.00000 -10 0
1267.5 296.830 0.00755 -2.00000 -10 0
1272.5 296.860 0.00753 -2.00000 -10 0
1277.5 296.890 0.00752 -2.00000 -10 0
1282.5 296.920 0.00750 -2.00000 -10 0
1287.5 296.950 0.00749 -2.00000 -10 0
1292.5 296.980 0.00748 -2.00000 -10 0
1297.5 297.010 0.00746 -2.00000 -10 0
1302.5 297.040 0.00745 -2.00000 -10 0
1307.5 297.070 0.00743 -2.00000 -10 0
1312.5 297.100 0.00742 -2.00000 -10 0
1317.5 297.130 0.00741 -2.00000 -10 0
1322.5 297.160 0.00739 -2.00000 -10 0
1327.5 297.190 0.00738 -2.00000 -10 0
1332.5 297.220 0.00736 -2.00000 -10 0
1337.5 297.250 0.00735 -2.00000 -10 0
1342.5 297.280 0.00734 -2.00000 -10 0
1347.5 297.310 0.00732 -2.00000 -10 0
1352.5 297.340 0.00731 -2.00000 -10 0
1357.5 297.370 0.00729 -2.00000 -10 0
1362.5 297.400 0.00728 -2.00000 -10 0
1367.5 297.430 0.00727 -2.00000 -10 0
1372.5 297.460 0.00725 -2.00000 -10 0
1377.5 297.490 0.00724 -2.00000 -10 0
1382.5 297.520 0.00722 -2.00000 -10 0
1387.5 297.550 0.00721 -2.00000 -10 0
1392.5 297.580 0.00720 -2.00000 -10 0
1397.5 297.610 0.00718 -2.00000 -10 0
1402.5 297.640 0.00717 -2.00000 -10 0
1407.5 297.670 0.00715 -2.00000 -10 0
1412.5 297.700 0.00714 -2.00000 -10 0
1417.5 297.730 0.00713 -2.00000 -10 0
1422.5 297.760 0.00711 -2.00000 -10 0
1427.5 297.790 0.00710 -2.00000 -10 0
1432.5 297.820 0.00708 -2.00000 -10 0
1437.5 297.850 0.00707 -2.00000 -10 0
1442.5 297.880 0.00706 -2.00000 -10 0
1447.5 297.910 0.00704 -2.00000 -10 0
1452.5 297.940 0.00703 -2.00000 -10 0
1457.5 297.970 0.00701 -2.00000 -10 0
1462.5 298.000 0.00700 -2.00000 -10 0
1467.5 298.030 0.00699 -2.00000 -10 0
1472.5 298.060 0.00697 -2.00000 -10 0
1477.5 298.090 0.00696 -2.00000 -10 0
1482.5 298.120 0.00694 -2.00000 -10 0
1487.5 298.150 0.00693 -2.00000 -10 0
1492.5 298.180 0.00692 -2.00000 -10 0
1497.5 298.210 0.00690 -2.00000 -10 0
1502.5 298.240 0.00689 -2.00000 -10 0
1507.5 298.270 0.00687 -2.00000 -10 0
1512.5 298.300 0.00686 -2.00000 -10 0
1517.5 298.330 0.00685 -2.00000 -10 0
1522.5 298.360 0.00683 -2.00000 -10 0
1527.5 298.390 0.00682 -2.00000 -10 0
1532.5 298.420 0.00680 -2.00000 -10 0
1537.5 298.450 0.00679 -2.00000 -10 0
1542.5 298.480 0.00678 -2.00000 -10 0
1547.5 298.510 0.00676 -2.00000 -10 0
1552.5 298.540 0.00675 -2.00000 -10 0
1557.5 298.570 0.00673 -2.00000 -10 0
1562.5 298.600 0.00672 -2.00000 -10 0
1567.5 298.630 0.00671 -2.00000 -10 0
1572.5 298.660 0.00669 -2.00000 -10 0
1577.5 298.690 0.00668 -2.00000 -10 0
1582.5 298.720 0.00666 -2.00000 -10 0
1587.5 298.750 0.00665 -2.00000 -10 0
1592.5 298.780 0.00664 -2.00000 -10 0
1597.5 298.810 0.00662 -2.00000 -10 0
1602.5 298.839 0.00661 -2.00000 -10 0
1607.5 298.867 0.00659 -2.00000 -10 0
1612.5 298.896 0.00658 -2.00000 -10 0
1617.5 298.925 0.00657 -2.00000 -10 0
1622.5 298.953 0.00655 -2.00000 -10 0
1627.5 298.982 0.00654 -2.00000 -10 0
1632.5 299.011 0.00652 -2.00000 -10 0
1637.5 299.040 0.00651 -2.00000 -10 0
1642.5 299.068 0.00650 -2.00000 -10 0
1647.5 299.097 0.00648 -2.00000 -10 0
1652.5 299.126 0.00647 -2.00000 -10 0
1657.5 299.154 0.00645 -2.00000 -10 0
1662.5 299.183 0.00644 -2.00000 -10 0
1667.5 299.212 0.00643 -2.00000 -10 0
1672.5 299.241 0.00641 -2.00000 -10 0
1677.5 299.269 0.00640 -2.00000 -10 0
1682.5 299.298 0.00638 -2.00000 -10 0
1687.5 299.327 0.00637 -2.00000 -10 0
1692.5 299.355 0.00636 -2.00000 -10 0
1697.5 299.384 0.00634 -2.00000 -10 0
1702.5 299.413 0.00633 -2.00000 -10 0
1707.5 299.441 0.00631 -2.00000 -10 0
1712.5 299.470 0.00630 -2.00000 -10 0
1717.5 299.499 0.00629 -2.00000 -10 0
1722.5 299.528 0.00627 -2.00000 -10 0
1727.5 299.556 0.00626 -2.00000 -10 0
1732.5 299.585 0.00624 -2.00000 -10 0
1737.5 299.614 0.00623 -2.00000 -10 0
1742.5 299.642 0.00622 -2.00000 -10 0
1747.5 299.671 0.00620 -2.00000 -10 0
1752.5 299.700 0.00619 -2.00000 -10 0
1757.5 299.728 0.00617 -2.00000 -10 0
1762.5 299.757 0.00616 -2.00000 -10 0
1767.5 299.786 0.00615 -2.00000 -10 0
1772.5 299.815 0.00613 -2.00000 -10 0
1777.5 299.843 0.00612 -2.00000 -10 0
1782.5 299.872 0.00610 -2.00000 -10 0
1787.5 299.901 0.00609 -2.00000 -10 0
1792.5 299.929 0.00608 -2.00000 -10 0
1797.5 299.958 0.00606 -2.00000 -10 0
1802.5 299.987 0.00605 -2.00000 -10 0
1807.5 300.015 0.00603 -2.00000 -10 0
1812.5 300.044 0.00602 -2.00000 -10 0
1817.5 300.073 0.00601 -2.00000 -10 0
1822.5 300.102 0.00599 -2.00000 -10 0
1827.5 300.130 0.00598 -2.00000 -10 0
1832.5 300.159 0.00596 -2.00000 -10 0
1837.5 300.188 0.00595 -2.00000 -10 0
1842.5 300.216 0.00594 -2.00000 -10 0
1847.5 300.245 0.00592 -2.00000 -10 0
1852.5 300.274 0.00591 -2.00000 -10 0
1857.5 300.302 0.00589 -2.00000 -10 0
1862.5 300.331 0.00588 -2.00000 -10 0
1867.5 300.360 0.00587 -2.00000 -10 0
1872.5 300.389 0.00585 -2.00000 -10 0
1877.5 300.417 0.00584 -2.00000 -10 0
1882.5 300.446 0.00582 -2.00000 -10 0
1887.5 300.475 0.00581 -2.00000 -10 0
1892.5 300.503 0.00580 -2.00000 -10 0
1897.5 300.532 0.00578 -2.00000 -10 0
1902.5 300.561 0.00577 -2.00000 -10 0
1907.5 300.589 0.00575 -2.00000 -10 0
1912.5 300.618 0.00574 -2.00000 -10 0
1917.5 300.647 0.00573 -2.00000 -10 0
1922.5 300.676 0.00571 -2.00000 -10 0
1927.5 300.704 0.00570 -2.00000 -10 0
1932.5 300.733 0.00568 -2.00000 -10 0
1937.5 300.762 0.00567 -2.00000 -10 0
1942.5 300.790 0.00566 -2.00000 -10 0
1947.5 300.819 0.00564 -2.00000 -10 0
1952.5 300.848 0.00563 -2.00000 -10 0
1957.5 300.876 0.00561 -2.00000 -10 0
1962.5 300.905 0.00560 -2.00000 -10 0
1967.5 300.934 0.00559 -2.00000 -10 0
1972.5 300.963 0.00557 -2.00000 -10 0
1977.5 300.991 0.00556 -2.00000 -10 0
1982.5 301.020 0.00554 -2.00000 -10 0
1987.5 301.049 0.00553 -2.00000 -10 0
1992.5 301.077 0.00552 -2.00000 -10 0
1997.5 301.106 0.00550 -2.00000 -10 0
2002.5 301.135 0.00549 -2.00000 -10 0
2007.5 301.163 0.00547 -2.00000 -10 0
2012.5 301.192 0.00546 -2.00000 -10 0
2017.5 301.221 0.00545 -2.00000 -10 0
2022.5 301.250 0.00543 -2.00000 -10 0
2027.5 301.278 0.00542 -2.00000 -10 0
2032.5 301.307 0.00540 -2.00000 -10 0
2037.5 301.336 0.00539 -2.00000 -10 0
2042.5 301.364 0.00538 -2.00000 -10 0
2047.5 301.393 0.00536 -2.00000 -10 0
2052.5 301.422 0.00535 -2.00000 -10 0
2057.5 301.450 0.00533 -2.00000 -10 0
2062.5 301.479 0.00532 -2.00000 -10 0
2067.5 301.508 0.00531 -2.00000 -10 0
2072.5 301.537 0.00529 -2.00000 -10 0
2077.5 301.565 0.00528 -2.00000 -10 0
2082.5 301.594 0.00526 -2.00000 -10 0
2087.5 301.623 0.00525 -2.00000 -10 0
2092.5 301.651 0.00524 -2.00000 -10 0
2097.5 301.680 0.00522 -2.00000 -10 0
2102.5 301.709 0.00521 -2.00000 -10 0
2107.5 301.737 0.00519 -2.00000 -10 0
2112.5 301.766 0.00518 -2.00000 -10 0
2117.5 301.795 0.00517 -2.00000 -10 0
2122.5 301.824 0.00515 -2.00000 -10 0
2127.5 301.845 0.00514 -2.00000 -10 0
2132.5 301.866 0.00512 -2.00000 -10 0
2137.5 301.888 0.00511 -2.00000 -10 0
2142.5 301.909 0.00510 -2.00000 -10 0
2147.5 301.931 0.00508 -2.00000 -10 0
2152.5 301.952 0.00507 -2.00000 -10 0
2157.5 301.974 0.00505 -2.00000 -10 0
2162.5 301.995 0.00504 -2.00000 -10 0
2167.5 302.016 0.00503 -2.00000 -10 0
2172.5 302.038 0.00501 -2.00000 -10 0
2177.5 302.059 0.00500 -2.00000 -10 0
2182.5 302.081 0.00498 -2.00000 -10 0
2187.5 302.102 0.00497 -2.00000 -10 0
2192.5 302.124 0.00496 -2.00000 -10 0
2197.5 302.145 0.00494 -2.00000 -10 0
2202.5 302.167 0.00493 -2.00000 -10 0
2207.5 302.188 0.00491 -2.00000 -10 0
2212.5 302.209 0.00490 -2.00000 -10 0
2217.5 302.231 0.00489 -2.00000 -10 0
2222.5 302.252 0.00487 -2.00000 -10 0
2227.5 302.274 0.00486 -2.00000 -10 0
2232.5 302.295 0.00484 -2.00000 -10 0
2237.5 302.317 0.00483 -2.00000 -10 0
2242.5 302.338 0.00482 -2.00000 -10 0
2247.5 302.359 0.00480 -2.00000 -10 0
2252.5 302.381 0.00479 -2.00000 -10 0
2257.5 302.402 0.00477 -2.00000 -10 0
2262.5 302.424 0.00476 -2.00000 -10 0
2267.5 302.445 0.00475 -2.00000 -10 0
2272.5 302.467 0.00473 -2.00000 -10 0
2277.5 302.488 0.00472 -2.00000 -10 0
2282.5 302.509 0.00470 -2.00000 -10 0
2287.5 302.531 0.00469 -2.00000 -10 0
2292.5 302.552 0.00468 -2.00000 -10 0
2297.5 302.574 0.00466 -2.00000 -10 0
2302.5 302.595 0.00465 -2.00000 -10 0
2307.5 302.617 0.00463 -2.00000 -10 0
2312.5 302.638 0.00462 -2.00000 -10 0
2317.5 302.660 0.00461 -2.00000 -10 0
2322.5 302.681 0.00459 -2.00000 -10 0
2327.5 302.702 0.00458 -2.00000 -10 0
2332.5 302.724 0.00456 -2.00000 -10 0
2337.5 302.745 0.00455 -2.00000 -10 0
2342.5 302.767 0.00454 -2.00000 -10 0
2347.5 302.788 0.00452 -2.00000 -10 0
2352.5 302.810 0.00451 -2.00000 -10 0
2357.5 302.831 0.00449 -2.00000 -10 0
2362.5 302.852 0.00448 -2.00000 -10 0
2367.5 302.874 0.00447 -2.00000 -10 0
2372.5 302.895 0.00445 -2.00000 -10 0
2377.5 302.917 0.00444 -2.00000 -10 0
2382.5 302.938 0.00442 -2.00000 -10 0
2387.5 302.958 0.00441 -2.00000 -10 0
2392.5 302.978 0.00440 -2.00000 -10 0
2397.5 302.998 0.00438 -2.00000 -10 0
2402.8 303.020 0.00437 -2.00000 -10 0
2408.6 303.043 0.00435 -2.00000 -10 0
2414.9 303.068 0.00433 -2.00000 -10 0
2421.8 303.096 0.00431 -2.00000 -10 0
2429.4 303.127 0.00429 -2.00000 -10 0
2437.8 303.160 0.00427 -2.00000 -10 0
2446.9 303.197 0.00424 -2.00000 -10 0
2456.9 303.237 0.00422 -2.00000 -10 0
2467.8 303.280 0.00419 -2.00000 -10 0
2479.8 303.328 0.00415 -2.00000 -10 0
2492.9 303.381 0.00411 -2.00000 -10 0
2507.2 303.439 0.00407 -2.00000 -10 0
2522.9 303.502 0.00403 -2.00000 -10 0
2540.1 303.571 0.00398 -2.00000 -10 0
2559.0 303.646 0.00393 -2.00000 -10 0
2579.6 303.729 0.00387 -2.00000 -10 0
2602.2 303.820 0.00381 -2.00000 -10 0
2626.9 303.919 0.00374 -2.00000 -10 0
2654.0 304.028 0.00366 -2.00000 -10 0
2683.7 304.154 0.00359 -2.00000 -10 0
2716.1 304.291 0.00351 -2.00000 -10 0
2751.7 304.442 0.00342 -2.00000 -10 0
2790.6 304.607 0.00332 -2.00000 -10 0
2833.3 304.788 0.00322 -2.00000 -10 0
2880.0 304.986 0.00310 -2.00000 -10 0
2931.1 305.203 0.00297 -2.00000 -10 0
2987.1 305.441 0.00284 -2.00000 -10 0
3048.4 305.701 0.00268 -2.00000 -10 0
