#ASTEX case using dz = 5m, Nlev =427
#height     ug    vg      wfls    dqtdx    dqtdy    dqtdtls    thlpcart
 7.5 -2 -10 0.000000 0.000000 0.000000 0.000000 0.000000
22.8 -2 -10 -0.000077 0.000000 0.000000 0.000000 0.000000
38.1 -2 -10 -0.000154 0.000000 0.000000 0.000000 0.000000
53.3 -2 -10 -0.000231 0.000000 0.000000 0.000000 0.000000
68.6 -2 -10 -0.000307 0.000000 0.000000 0.000000 0.000000
83.9 -2 -10 -0.000384 0.000000 0.000000 0.000000 0.000000
99.2 -2 -10 -0.000461 0.000000 0.000000 0.000000 0.000000
114.5 -2 -10 -0.000538 0.000000 0.000000 0.000000 0.000000
129.7 -2 -10 -0.000615 0.000000 0.000000 0.000000 0.000000
145.0 -2 -10 -0.000692 0.000000 0.000000 0.000000 0.000000
160.3 -2 -10 -0.000769 0.000000 0.000000 0.000000 0.000000
175.6 -2 -10 -0.000846 0.000000 0.000000 0.000000 0.000000
190.9 -2 -10 -0.000922 0.000000 0.000000 0.000000 0.000000
206.1 -2 -10 -0.000999 0.000000 0.000000 0.000000 0.000000
221.4 -2 -10 -0.001076 0.000000 0.000000 0.000000 0.000000
236.7 -2 -10 -0.001153 0.000000 0.000000 0.000000 0.000000
252.0 -2 -10 -0.001230 0.000000 0.000000 0.000000 0.000000
267.3 -2 -10 -0.001307 0.000000 0.000000 0.000000 0.000000
282.6 -2 -10 -0.001384 0.000000 0.000000 0.000000 0.000000
297.8 -2 -10 -0.001461 0.000000 0.000000 0.000000 0.000000
313.1 -2 -10 -0.001537 0.000000 0.000000 0.000000 0.000000
328.4 -2 -10 -0.001612 0.000000 0.000000 0.000000 0.000000
343.7 -2 -10 -0.001687 0.000000 0.000000 0.000000 0.000000
359.0 -2 -10 -0.001762 0.000000 0.000000 0.000000 0.000000
374.2 -2 -10 -0.001837 0.000000 0.000000 0.000000 0.000000
389.5 -2 -10 -0.001913 0.000000 0.000000 0.000000 0.000000
404.8 -2 -10 -0.001987 0.000000 0.000000 0.000000 0.000000
420.1 -2 -10 -0.002137 0.000000 0.000000 0.000000 0.000000
435.4 -2 -10 -0.002212 0.000000 0.000000 0.000000 0.000000
450.6 -2 -10 -0.002288 0.000000 0.000000 0.000000 0.000000
465.9 -2 -10 -0.002362 0.000000 0.000000 0.000000 0.000000
481.2 -2 -10 -0.002437 0.000000 0.000000 0.000000 0.000000
496.5 -2 -10 -0.002512 0.000000 0.000000 0.000000 0.000000
511.8 -2 -10 -0.002588 0.000000 0.000000 0.000000 0.000000
527.0 -2 -10 -0.002662 0.000000 0.000000 0.000000 0.000000
542.3 -2 -10 -0.002734 0.000000 0.000000 0.000000 0.000000
557.6 -2 -10 -0.002800 0.000000 0.000000 0.000000 0.000000
572.9 -2 -10 -0.002860 0.000000 0.000000 0.000000 0.000000
588.2 -2 -10 -0.002964 0.000000 0.000000 0.000000 0.000000
603.4 -2 -10 -0.003010 0.000000 0.000000 0.000000 0.000000
618.7 -2 -10 -0.003089 0.000000 0.000000 0.000000 0.000000
634.0 -2 -10 -0.003156 0.000000 0.000000 0.000000 0.000000
649.3 -2 -10 -0.003237 0.000000 0.000000 0.000000 0.000000
664.6 -2 -10 -0.003312 0.000000 0.000000 0.000000 0.000000
679.9 -2 -10 -0.003388 0.000000 0.000000 0.000000 0.000000
695.1 -2 -10 -0.003487 0.000000 0.000000 0.000000 0.000000
710.4 -2 -10 -0.003563 0.000000 0.000000 0.000000 0.000000
725.7 -2 -10 -0.003638 0.000000 0.000000 0.000000 0.000000
741.0 -2 -10 -0.003712 0.000000 0.000000 0.000000 0.000000
756.3 -2 -10 -0.003788 0.000000 0.000000 0.000000 0.000000
771.5 -2 -10 -0.003862 0.000000 0.000000 0.000000 0.000000
786.8 -2 -10 -0.003938 0.000000 0.000000 0.000000 0.000000
802.1 -2 -10 -0.004012 0.000000 0.000000 0.000000 0.000000
817.4 -2 -10 -0.004088 0.000000 0.000000 0.000000 0.000000
832.7 -2 -10 -0.004163 0.000000 0.000000 0.000000 0.000000
847.9 -2 -10 -0.004238 0.000000 0.000000 0.000000 0.000000
863.2 -2 -10 -0.004312 0.000000 0.000000 0.000000 0.000000
878.5 -2 -10 -0.004388 0.000000 0.000000 0.000000 0.000000
893.8 -2 -10 -0.004463 0.000000 0.000000 0.000000 0.000000
909.1 -2 -10 -0.004537 0.000000 0.000000 0.000000 0.000000
924.3 -2 -10 -0.004612 0.000000 0.000000 0.000000 0.000000
939.6 -2 -10 -0.004688 0.000000 0.000000 0.000000 0.000000
954.9 -2 -10 -0.004763 0.000000 0.000000 0.000000 0.000000
970.2 -2 -10 -0.004863 0.000000 0.000000 0.000000 0.000000
985.5 -2 -10 -0.004938 0.000000 0.000000 0.000000 0.000000
1000.7 -2 -10 -0.005013 0.000000 0.000000 0.000000 0.000000
1016.0 -2 -10 -0.005087 0.000000 0.000000 0.000000 0.000000
1031.3 -2 -10 -0.005162 0.000000 0.000000 0.000000 0.000000
1046.6 -2 -10 -0.005238 0.000000 0.000000 0.000000 0.000000
1061.9 -2 -10 -0.005313 0.000000 0.000000 0.000000 0.000000
1077.2 -2 -10 -0.005387 0.000000 0.000000 0.000000 0.000000
1092.4 -2 -10 -0.005463 0.000000 0.000000 0.000000 0.000000
1107.7 -2 -10 -0.005538 0.000000 0.000000 0.000000 0.000000
1123.0 -2 -10 -0.005613 0.000000 0.000000 0.000000 0.000000
1138.3 -2 -10 -0.005688 0.000000 0.000000 0.000000 0.000000
1153.6 -2 -10 -0.005763 0.000000 0.000000 0.000000 0.000000
1168.8 -2 -10 -0.005838 0.000000 0.000000 0.000000 0.000000
1184.1 -2 -10 -0.005913 0.000000 0.000000 0.000000 0.000000
1199.4 -2 -10 -0.005987 0.000000 0.000000 0.000000 0.000000
1214.7 -2 -10 -0.006063 0.000000 0.000000 0.000000 0.000000
1230.0 -2 -10 -0.006138 0.000000 0.000000 0.000000 0.000000
1245.2 -2 -10 -0.006238 0.000000 0.000000 0.000000 0.000000
1260.5 -2 -10 -0.006313 0.000000 0.000000 0.000000 0.000000
1275.8 -2 -10 -0.006388 0.000000 0.000000 0.000000 0.000000
1291.1 -2 -10 -0.006463 0.000000 0.000000 0.000000 0.000000
1306.4 -2 -10 -0.006538 0.000000 0.000000 0.000000 0.000000
1321.6 -2 -10 -0.006613 0.000000 0.000000 0.000000 0.000000
1336.9 -2 -10 -0.006688 0.000000 0.000000 0.000000 0.000000
1352.2 -2 -10 -0.006762 0.000000 0.000000 0.000000 0.000000
1367.5 -2 -10 -0.006838 0.000000 0.000000 0.000000 0.000000
1382.8 -2 -10 -0.006913 0.000000 0.000000 0.000000 0.000000
1398.0 -2 -10 -0.006988 0.000000 0.000000 0.000000 0.000000
1413.3 -2 -10 -0.007063 0.000000 0.000000 0.000000 0.000000
1428.6 -2 -10 -0.007138 0.000000 0.000000 0.000000 0.000000
1443.9 -2 -10 -0.007213 0.000000 0.000000 0.000000 0.000000
1459.2 -2 -10 -0.007288 0.000000 0.000000 0.000000 0.000000
1474.5 -2 -10 -0.007363 0.000000 0.000000 0.000000 0.000000
1489.7 -2 -10 -0.007438 0.000000 0.000000 0.000000 0.000000
1505.0 -2 -10 -0.007538 0.000000 0.000000 0.000000 0.000000
1520.3 -2 -10 -0.007613 0.000000 0.000000 0.000000 0.000000
1535.6 -2 -10 -0.007688 0.000000 0.000000 0.000000 0.000000
1550.9 -2 -10 -0.007763 0.000000 0.000000 0.000000 0.000000
1566.1 -2 -10 -0.007838 0.000000 0.000000 0.000000 0.000000
1581.4 -2 -10 -0.007912 0.000000 0.000000 0.000000 0.000000
1596.7 -2 -10 -0.007988 0.000000 0.000000 0.000000 0.000000
1612.0 -2 -10 -0.007988 0.000000 0.000000 0.000000 0.000000
1627.3 -2 -10 -0.007988 0.000000 0.000000 0.000000 0.000000
1642.5 -2 -10 -0.007989 0.000000 0.000000 0.000000 0.000000
1657.8 -2 -10 -0.007989 0.000000 0.000000 0.000000 0.000000
1673.1 -2 -10 -0.007989 0.000000 0.000000 0.000000 0.000000
1688.4 -2 -10 -0.007990 0.000000 0.000000 0.000000 0.000000
1703.7 -2 -10 -0.007990 0.000000 0.000000 0.000000 0.000000
1718.9 -2 -10 -0.007990 0.000000 0.000000 0.000000 0.000000
1734.2 -2 -10 -0.007991 0.000000 0.000000 0.000000 0.000000
1749.5 -2 -10 -0.007991 0.000000 0.000000 0.000000 0.000000
1764.8 -2 -10 -0.007991 0.000000 0.000000 0.000000 0.000000
1780.1 -2 -10 -0.007992 0.000000 0.000000 0.000000 0.000000
1795.3 -2 -10 -0.007992 0.000000 0.000000 0.000000 0.000000
1810.6 -2 -10 -0.007993 0.000000 0.000000 0.000000 0.000000
1825.9 -2 -10 -0.007993 0.000000 0.000000 0.000000 0.000000
1841.2 -2 -10 -0.007993 0.000000 0.000000 0.000000 0.000000
1856.5 -2 -10 -0.007994 0.000000 0.000000 0.000000 0.000000
1871.8 -2 -10 -0.007994 0.000000 0.000000 0.000000 0.000000
1887.0 -2 -10 -0.007994 0.000000 0.000000 0.000000 0.000000
1902.3 -2 -10 -0.007995 0.000000 0.000000 0.000000 0.000000
1917.6 -2 -10 -0.007995 0.000000 0.000000 0.000000 0.000000
1932.9 -2 -10 -0.007995 0.000000 0.000000 0.000000 0.000000
1948.2 -2 -10 -0.007996 0.000000 0.000000 0.000000 0.000000
1963.4 -2 -10 -0.007996 0.000000 0.000000 0.000000 0.000000
1978.7 -2 -10 -0.007997 0.000000 0.000000 0.000000 0.000000
1994.0 -2 -10 -0.007997 0.000000 0.000000 0.000000 0.000000
2009.3 -2 -10 -0.007997 0.000000 0.000000 0.000000 0.000000
2024.6 -2 -10 -0.007998 0.000000 0.000000 0.000000 0.000000
2039.8 -2 -10 -0.007998 0.000000 0.000000 0.000000 0.000000
2055.1 -2 -10 -0.007998 0.000000 0.000000 0.000000 0.000000
2070.4 -2 -10 -0.007999 0.000000 0.000000 0.000000 0.000000
2085.7 -2 -10 -0.007999 0.000000 0.000000 0.000000 0.000000
2101.0 -2 -10 -0.008000 0.000000 0.000000 0.000000 0.000000
2116.2 -2 -10 -0.008000 0.000000 0.000000 0.000000 0.000000
2131.5 -2 -10 -0.008000 0.000000 0.000000 0.000000 0.000000
2146.8 -2 -10 -0.008000 0.000000 0.000000 0.000000 0.000000
2162.1 -2 -10 -0.008000 0.000000 0.000000 0.000000 0.000000
2177.4 -2 -10 -0.008000 0.000000 0.000000 0.000000 0.000000
2192.6 -2 -10 -0.008000 0.000000 0.000000 0.000000 0.000000
2207.9 -2 -10 -0.008000 0.000000 0.000000 0.000000 0.000000
2223.2 -2 -10 -0.008000 0.000000 0.000000 0.000000 0.000000
2238.5 -2 -10 -0.008000 0.000000 0.000000 0.000000 0.000000
2253.8 -2 -10 -0.008000 0.000000 0.000000 0.000000 0.000000
2269.1 -2 -10 -0.008000 0.000000 0.000000 0.000000 0.000000
2284.3 -2 -10 -0.008000 0.000000 0.000000 0.000000 0.000000
2299.6 -2 -10 -0.008000 0.000000 0.000000 0.000000 0.000000
2314.9 -2 -10 -0.008000 0.000000 0.000000 0.000000 0.000000
2330.2 -2 -10 -0.008000 0.000000 0.000000 0.000000 0.000000
2345.5 -2 -10 -0.008000 0.000000 0.000000 0.000000 0.000000
2360.7 -2 -10 -0.008000 0.000000 0.000000 0.000000 0.000000
2376.0 -2 -10 -0.008000 0.000000 0.000000 0.000000 0.000000
2391.3 -2 -10 -0.008000 0.000000 0.000000 0.000000 0.000000
2406.6 -2 -10 -0.008000 0.000000 0.000000 0.000000 0.000000
2421.9 -2 -10 -0.008000 0.000000 0.000000 0.000000 0.000000
2437.1 -2 -10 -0.008000 0.000000 0.000000 0.000000 0.000000
2452.4 -2 -10 -0.008000 0.000000 0.000000 0.000000 0.000000
2467.7 -2 -10 -0.008000 0.000000 0.000000 0.000000 0.000000
2483.0 -2 -10 -0.008000 0.000000 0.000000 0.000000 0.000000
2498.3 -2 -10 -0.008000 0.000000 0.000000 0.000000 0.000000
2513.5 -2 -10 -0.008000 0.000000 0.000000 0.000000 0.000000
2528.8 -2 -10 -0.008000 0.000000 0.000000 0.000000 0.000000
2544.1 -2 -10 -0.008000 0.000000 0.000000 0.000000 0.000000
2559.4 -2 -10 -0.008000 0.000000 0.000000 0.000000 0.000000
2574.7 -2 -10 -0.008000 0.000000 0.000000 0.000000 0.000000
2589.9 -2 -10 -0.008000 0.000000 0.000000 0.000000 0.000000
2605.2 -2 -10 -0.008000 0.000000 0.000000 0.000000 0.000000
2620.5 -2 -10 -0.008000 0.000000 0.000000 0.000000 0.000000
2635.8 -2 -10 -0.008000 0.000000 0.000000 0.000000 0.000000
2651.1 -2 -10 -0.008000 0.000000 0.000000 0.000000 0.000000
2666.4 -2 -10 -0.008000 0.000000 0.000000 0.000000 0.000000
2681.6 -2 -10 -0.008000 0.000000 0.000000 0.000000 0.000000
2696.9 -2 -10 -0.008000 0.000000 0.000000 0.000000 0.000000
2712.2 -2 -10 -0.008000 0.000000 0.000000 0.000000 0.000000
2727.5 -2 -10 -0.008000 0.000000 0.000000 0.000000 0.000000
2742.8 -2 -10 -0.008000 0.000000 0.000000 0.000000 0.000000
2758.0 -2 -10 -0.008000 0.000000 0.000000 0.000000 0.000000
2773.3 -2 -10 -0.008000 0.000000 0.000000 0.000000 0.000000
2788.6 -2 -10 -0.008000 0.000000 0.000000 0.000000 0.000000
2803.9 -2 -10 -0.008000 0.000000 0.000000 0.000000 0.000000
2819.2 -2 -10 -0.008000 0.000000 0.000000 0.000000 0.000000
2834.4 -2 -10 -0.008000 0.000000 0.000000 0.000000 0.000000
2849.7 -2 -10 -0.008000 0.000000 0.000000 0.000000 0.000000
2865.0 -2 -10 -0.008000 0.000000 0.000000 0.000000 0.000000
2880.3 -2 -10 -0.008000 0.000000 0.000000 0.000000 0.000000
2895.6 -2 -10 -0.008000 0.000000 0.000000 0.000000 0.000000
2910.8 -2 -10 -0.008000 0.000000 0.000000 0.000000 0.000000
2926.1 -2 -10 -0.008000 0.000000 0.000000 0.000000 0.000000
2941.4 -2 -10 -0.008000 0.000000 0.000000 0.000000 0.000000
2956.7 -2 -10 -0.008000 0.000000 0.000000 0.000000 0.000000
2972.0 -2 -10 -0.008000 0.000000 0.000000 0.000000 0.000000
2987.2 -2 -10 -0.008000 0.000000 0.000000 0.000000 0.000000
3002.5 -2 -10 -0.008000 0.000000 0.000000 0.000000 0.000000
3017.8 -2 -10 -0.008000 0.000000 0.000000 0.000000 0.000000
3033.1 -2 -10 -0.008000 0.000000 0.000000 0.000000 0.000000
3048.4 -2 -10 -0.008000 0.000000 0.000000 0.000000 0.000000
