#ASTEX case using dz = 15m, Nlev =200
#height       thl       qt              u            v            tke
 7.5 288.000 0.01020 -0.70000 -10 1.00
22.8 288.000 0.01020 -0.70000 -10 1.00
38.1 288.000 0.01020 -0.70000 -10 1.00
53.3 288.000 0.01020 -0.70000 -10 1.00
68.6 288.000 0.01020 -0.70000 -10 1.00
83.9 288.000 0.01020 -0.70000 -10 1.00
99.2 288.000 0.01020 -0.70000 -10 1.00
114.5 288.000 0.01020 -0.70000 -10 1.00
129.7 288.000 0.01020 -0.70000 -10 1.00
145.0 288.000 0.01020 -0.70000 -10 1.00
160.3 288.000 0.01020 -0.70000 -10 1.00
175.6 288.000 0.01020 -0.70000 -10 1.00
190.9 288.000 0.01020 -0.70000 -10 1.00
206.1 288.000 0.01020 -0.70000 -10 1.00
221.4 288.000 0.01020 -0.70000 -10 1.00
236.7 288.000 0.01020 -0.70000 -10 1.00
252.0 288.000 0.01020 -0.70000 -10 1.00
267.3 288.000 0.01020 -0.70000 -10 1.00
282.6 288.000 0.01020 -0.70000 -10 1.00
297.8 288.000 0.01020 -0.70000 -10 1.00
313.1 288.000 0.01020 -0.70000 -10 1.00
328.4 288.000 0.01020 -0.70000 -10 1.00
343.7 288.000 0.01020 -0.70000 -10 1.00
359.0 288.000 0.01020 -0.70000 -10 1.00
374.2 288.000 0.01020 -0.70000 -10 1.00
389.5 288.000 0.01020 -0.70000 -10 1.00
404.8 288.000 0.01020 -0.70000 -10 1.00
420.1 288.000 0.01020 -0.70000 -10 1.00
435.4 288.000 0.01020 -0.70000 -10 1.00
450.6 288.000 0.01020 -0.70000 -10 1.00
465.9 288.000 0.01020 -0.70000 -10 1.00
481.2 288.000 0.01020 -0.70000 -10 1.00
496.5 288.000 0.01020 -0.70000 -10 1.00
511.8 288.000 0.01020 -0.70000 -10 1.00
527.0 288.000 0.01020 -0.70000 -10 1.00
542.3 288.000 0.01020 -0.70000 -10 1.00
557.6 288.000 0.01020 -0.70000 -10 1.00
572.9 288.000 0.01020 -0.70000 -10 1.00
588.2 288.000 0.01020 -0.70000 -10 1.00
603.4 288.000 0.01020 -0.70000 -10 1.00
618.7 288.000 0.01020 -0.70000 -10 1.00
634.0 288.000 0.01020 -0.70000 -10 1.00
649.3 288.000 0.01020 -0.70000 -10 1.00
664.6 288.000 0.01020 -0.70000 -10 1.00
679.9 289.650 0.00987 -1.09000 -10 0.70
695.1 291.850 0.00943 -1.61000 -10 0.30
710.4 293.500 0.00910 -2.00000 -10 0.00
725.7 293.590 0.00906 -2.00000 -10 0.00
741.0 293.680 0.00902 -2.00000 -10 0.00
756.3 293.770 0.00897 -2.00000 -10 0.00
771.5 293.860 0.00893 -2.00000 -10 0.00
786.8 293.950 0.00889 -2.00000 -10 0.00
802.1 294.040 0.00885 -2.00000 -10 0.00
817.4 294.130 0.00881 -2.00000 -10 0.00
832.7 294.220 0.00876 -2.00000 -10 0.00
847.9 294.310 0.00872 -2.00000 -10 0.00
863.2 294.400 0.00868 -2.00000 -10 0.00
878.5 294.490 0.00864 -2.00000 -10 0.00
893.8 294.580 0.00860 -2.00000 -10 0.00
909.1 294.670 0.00855 -2.00000 -10 0.00
924.3 294.760 0.00851 -2.00000 -10 0.00
939.6 294.850 0.00847 -2.00000 -10 0.00
954.9 294.940 0.00843 -2.00000 -10 0.00
970.2 295.060 0.00837 -2.00000 -10 0.00
985.5 295.150 0.00833 -2.00000 -10 0.00
1000.7 295.240 0.00829 -2.00000 -10 0.00
1016.0 295.330 0.00825 -2.00000 -10 0.00
1031.3 295.420 0.00820 -2.00000 -10 0.00
1046.6 295.510 0.00816 -2.00000 -10 0.00
1061.9 295.600 0.00812 -2.00000 -10 0.00
1077.2 295.690 0.00808 -2.00000 -10 0.00
1092.4 295.780 0.00804 -2.00000 -10 0.00
1107.7 295.870 0.00799 -2.00000 -10 0.00
1123.0 295.960 0.00795 -2.00000 -10 0.00
1138.3 296.050 0.00791 -2.00000 -10 0.00
1153.6 296.140 0.00787 -2.00000 -10 0.00
1168.8 296.230 0.00783 -2.00000 -10 0.00
1184.1 296.320 0.00778 -2.00000 -10 0.00
1199.4 296.410 0.00774 -2.00000 -10 0.00
1214.7 296.500 0.00770 -2.00000 -10 0.00
1230.0 296.590 0.00766 -2.00000 -10 0.00
1245.2 296.710 0.00760 -2.00000 -10 0.00
1260.5 296.800 0.00756 -2.00000 -10 0.00
1275.8 296.890 0.00752 -2.00000 -10 0.00
1291.1 296.980 0.00748 -2.00000 -10 0.00
1306.4 297.070 0.00743 -2.00000 -10 0.00
1321.6 297.160 0.00739 -2.00000 -10 0.00
1336.9 297.250 0.00735 -2.00000 -10 0.00
1352.2 297.340 0.00731 -2.00000 -10 0.00
1367.5 297.430 0.00727 -2.00000 -10 0.00
1382.8 297.520 0.00722 -2.00000 -10 0.00
1398.0 297.610 0.00718 -2.00000 -10 0.00
1413.3 297.700 0.00714 -2.00000 -10 0.00
1428.6 297.790 0.00710 -2.00000 -10 0.00
1443.9 297.880 0.00706 -2.00000 -10 0.00
1459.2 297.970 0.00701 -2.00000 -10 0.00
1474.5 298.060 0.00697 -2.00000 -10 0.00
1489.7 298.150 0.00693 -2.00000 -10 0.00
1505.0 298.270 0.00687 -2.00000 -10 0.00
1520.3 298.360 0.00683 -2.00000 -10 0.00
1535.6 298.450 0.00679 -2.00000 -10 0.00
1550.9 298.540 0.00675 -2.00000 -10 0.00
1566.1 298.630 0.00671 -2.00000 -10 0.00
1581.4 298.720 0.00666 -2.00000 -10 0.00
1596.7 298.810 0.00662 -2.00000 -10 0.00
1612.0 298.896 0.00658 -2.00000 -10 0.00
1627.3 298.982 0.00654 -2.00000 -10 0.00
1642.5 299.068 0.00650 -2.00000 -10 0.00
1657.8 299.154 0.00645 -2.00000 -10 0.00
1673.1 299.241 0.00641 -2.00000 -10 0.00
1688.4 299.327 0.00637 -2.00000 -10 0.00
1703.7 299.413 0.00633 -2.00000 -10 0.00
1718.9 299.499 0.00629 -2.00000 -10 0.00
1734.2 299.585 0.00624 -2.00000 -10 0.00
1749.5 299.671 0.00620 -2.00000 -10 0.00
1764.8 299.757 0.00616 -2.00000 -10 0.00
1780.1 299.872 0.00610 -2.00000 -10 0.00
1795.3 299.958 0.00606 -2.00000 -10 0.00
1810.6 300.044 0.00602 -2.00000 -10 0.00
1825.9 300.130 0.00598 -2.00000 -10 0.00
1841.2 300.216 0.00594 -2.00000 -10 0.00
1856.5 300.302 0.00589 -2.00000 -10 0.00
1871.8 300.389 0.00585 -2.00000 -10 0.00
1887.0 300.475 0.00581 -2.00000 -10 0.00
1902.3 300.561 0.00577 -2.00000 -10 0.00
1917.6 300.647 0.00573 -2.00000 -10 0.00
1932.9 300.733 0.00568 -2.00000 -10 0.00
1948.2 300.819 0.00564 -2.00000 -10 0.00
1963.4 300.905 0.00560 -2.00000 -10 0.00
1978.7 300.991 0.00556 -2.00000 -10 0.00
1994.0 301.077 0.00552 -2.00000 -10 0.00
2009.3 301.163 0.00547 -2.00000 -10 0.00
2024.6 301.250 0.00543 -2.00000 -10 0.00
2039.8 301.336 0.00539 -2.00000 -10 0.00
2055.1 301.450 0.00533 -2.00000 -10 0.00
2070.4 301.537 0.00529 -2.00000 -10 0.00
2085.7 301.623 0.00525 -2.00000 -10 0.00
2101.0 301.709 0.00521 -2.00000 -10 0.00
2116.2 301.795 0.00517 -2.00000 -10 0.00
2131.5 301.866 0.00512 -2.00000 -10 0.00
2146.8 301.931 0.00508 -2.00000 -10 0.00
2162.1 301.995 0.00504 -2.00000 -10 0.00
2177.4 302.059 0.00500 -2.00000 -10 0.00
2192.6 302.124 0.00496 -2.00000 -10 0.00
2207.9 302.188 0.00491 -2.00000 -10 0.00
2223.2 302.252 0.00487 -2.00000 -10 0.00
2238.5 302.317 0.00483 -2.00000 -10 0.00
2253.8 302.381 0.00479 -2.00000 -10 0.00
2269.1 302.445 0.00475 -2.00000 -10 0.00
2284.3 302.509 0.00470 -2.00000 -10 0.00
2299.6 302.574 0.00466 -2.00000 -10 0.00
2314.9 302.638 0.00462 -2.00000 -10 0.00
2330.2 302.724 0.00456 -2.00000 -10 0.00
2345.5 302.788 0.00452 -2.00000 -10 0.00
2360.7 302.852 0.00448 -2.00000 -10 0.00
2376.0 302.917 0.00444 -2.00000 -10 0.00
2391.3 302.978 0.00440 -2.00000 -10 0.00
2406.6 303.043 0.00435 -2.00000 -10 0.00
2421.9 303.096 0.00431 -2.00000 -10 0.00
2437.1 303.160 0.00427 -2.00000 -10 0.00
2452.4 303.237 0.00422 -2.00000 -10 0.00
2467.7 303.280 0.00419 -2.00000 -10 0.00
2483.0 303.328 0.00415 -2.00000 -10 0.00
2498.3 303.381 0.00411 -2.00000 -10 0.00
2513.5 303.439 0.00407 -2.00000 -10 0.00
2528.8 303.502 0.00403 -2.00000 -10 0.00
2544.1 303.571 0.00398 -2.00000 -10 0.00
2559.4 303.646 0.00393 -2.00000 -10 0.00
2574.7 303.729 0.00387 -2.00000 -10 0.00
2589.9 303.729 0.00387 -2.00000 -10 0.00
2605.2 303.820 0.00381 -2.00000 -10 0.00
2620.5 303.919 0.00374 -2.00000 -10 0.00
2635.8 303.919 0.00374 -2.00000 -10 0.00
2651.1 304.028 0.00366 -2.00000 -10 0.00
2666.4 304.028 0.00366 -2.00000 -10 0.00
2681.6 304.154 0.00359 -2.00000 -10 0.00
2696.9 304.154 0.00359 -2.00000 -10 0.00
2712.2 304.291 0.00351 -2.00000 -10 0.00
2727.5 304.291 0.00351 -2.00000 -10 0.00
2742.8 304.442 0.00342 -2.00000 -10 0.00
2758.0 304.442 0.00342 -2.00000 -10 0.00
2773.3 304.607 0.00332 -2.00000 -10 0.00
2788.6 304.607 0.00332 -2.00000 -10 0.00
2803.9 304.607 0.00332 -2.00000 -10 0.00
2819.2 304.788 0.00322 -2.00000 -10 0.00
2834.4 304.788 0.00322 -2.00000 -10 0.00
2849.7 304.788 0.00322 -2.00000 -10 0.00
2865.0 304.986 0.00310 -2.00000 -10 0.00
2880.3 304.986 0.00310 -2.00000 -10 0.00
2895.6 304.986 0.00310 -2.00000 -10 0.00
2910.8 305.203 0.00297 -2.00000 -10 0.00
2926.1 305.203 0.00297 -2.00000 -10 0.00
2941.4 305.203 0.00297 -2.00000 -10 0.00
2956.7 305.203 0.00297 -2.00000 -10 0.00
2972.0 305.441 0.00284 -2.00000 -10 0.00
2987.2 305.441 0.00284 -2.00000 -10 0.00
3002.5 305.441 0.00284 -2.00000 -10 0.00
3017.8 305.701 0.00268 -2.00000 -10 0.00
3033.1 305.701 0.00268 -2.00000 -10 0.00
3048.4 305.701 0.00268 -2.00000 -10 0.00
