#ASTEX case using dz = 15m, Nlev =200
#height sc1 sc2
 7.5 0.00750 0.00000
22.8 0.02278 0.00000
38.1 0.03806 0.00000
53.3 0.05334 0.00000
68.6 0.06862 0.00000
83.9 0.08390 0.00000
99.2 0.09918 0.00000
114.5 0.11447 0.00000
129.7 0.12975 0.00000
145.0 0.14503 0.00000
160.3 0.16031 0.00000
175.6 0.17559 0.00000
190.9 0.19087 0.00000
206.1 0.20615 0.00000
221.4 0.22143 0.00000
236.7 0.23671 0.00000
252.0 0.25199 0.00000
267.3 0.26727 0.00000
282.6 0.28255 0.00000
297.8 0.29783 0.00000
313.1 0.31312 0.00000
328.4 0.32840 0.00000
343.7 0.34368 0.00000
359.0 0.35896 0.00000
374.2 0.37424 0.00000
389.5 0.38952 0.00000
404.8 0.40480 0.00000
420.1 0.42008 0.00000
435.4 0.43536 0.00000
450.6 0.45064 0.00000
465.9 0.46592 0.00000
481.2 0.48120 0.00000
496.5 0.49648 0.00000
511.8 0.51177 0.00000
527.0 0.52705 0.00000
542.3 0.54233 0.00000
557.6 0.55761 0.00000
572.9 0.57289 0.00000
588.2 0.58817 0.00000
603.4 0.60345 0.00000
618.7 0.61873 0.00000
634.0 0.63401 0.00000
649.3 0.64929 0.00000
664.6 0.66457 1.00000
679.9 0.67985 1.00000
695.1 0.69513 1.00000
710.4 0.71042 1.00000
725.7 0.72570 1.00000
741.0 0.74098 1.00000
756.3 0.75626 1.00000
771.5 0.77154 1.00000
786.8 0.78682 1.00000
802.1 0.80210 1.00000
817.4 0.81738 1.00000
832.7 0.83266 1.00000
847.9 0.84794 1.00000
863.2 0.86322 1.00000
878.5 0.87850 1.00000
893.8 0.89378 1.00000
909.1 0.90907 1.00000
924.3 0.92435 1.00000
939.6 0.93963 1.00000
954.9 0.95491 1.00000
970.2 0.97019 1.00000
985.5 0.98547 1.00000
1000.7 1.00075 1.00000
1016.0 1.01603 1.00000
1031.3 1.03131 1.00000
1046.6 1.04659 1.00000
1061.9 1.06187 1.00000
1077.2 1.07715 1.00000
1092.4 1.09243 1.00000
1107.7 1.10772 1.00000
1123.0 1.12300 1.00000
1138.3 1.13828 1.00000
1153.6 1.15356 1.00000
1168.8 1.16884 1.00000
1184.1 1.18412 1.00000
1199.4 1.19940 1.00000
1214.7 1.21468 1.00000
1230.0 1.22996 1.00000
1245.2 1.24524 1.00000
1260.5 1.26052 1.00000
1275.8 1.27580 1.00000
1291.1 1.29108 1.00000
1306.4 1.30637 1.00000
1321.6 1.32165 1.00000
1336.9 1.33693 1.00000
1352.2 1.35221 1.00000
1367.5 1.36749 1.00000
1382.8 1.38277 1.00000
1398.0 1.39805 1.00000
1413.3 1.41333 1.00000
1428.6 1.42861 1.00000
1443.9 1.44389 1.00000
1459.2 1.45917 1.00000
1474.5 1.47445 1.00000
1489.7 1.48973 1.00000
1505.0 1.50501 1.00000
1520.3 1.52030 1.00000
1535.6 1.53558 1.00000
1550.9 1.55086 1.00000
1566.1 1.56614 1.00000
1581.4 1.58142 1.00000
1596.7 1.59670 1.00000
1612.0 1.61198 1.00000
1627.3 1.62726 1.00000
1642.5 1.64254 1.00000
1657.8 1.65782 1.00000
1673.1 1.67310 1.00000
1688.4 1.68838 1.00000
1703.7 1.70366 1.00000
1718.9 1.71895 1.00000
1734.2 1.73423 1.00000
1749.5 1.74951 1.00000
1764.8 1.76479 1.00000
1780.1 1.78007 1.00000
1795.3 1.79535 1.00000
1810.6 1.81063 1.00000
1825.9 1.82591 1.00000
1841.2 1.84119 1.00000
1856.5 1.85647 1.00000
1871.8 1.87175 1.00000
1887.0 1.88703 1.00000
1902.3 1.90231 1.00000
1917.6 1.91760 1.00000
1932.9 1.93288 1.00000
1948.2 1.94816 1.00000
1963.4 1.96344 1.00000
1978.7 1.97872 1.00000
1994.0 1.99400 1.00000
2009.3 2.00928 1.00000
2024.6 2.02456 1.00000
2039.8 2.03984 1.00000
2055.1 2.05512 1.00000
2070.4 2.07040 1.00000
2085.7 2.08568 1.00000
2101.0 2.10096 1.00000
2116.2 2.11625 1.00000
2131.5 2.13153 1.00000
2146.8 2.14681 1.00000
2162.1 2.16209 1.00000
2177.4 2.17737 1.00000
2192.6 2.19265 1.00000
2207.9 2.20793 1.00000
2223.2 2.22321 1.00000
2238.5 2.23849 1.00000
2253.8 2.25377 1.00000
2269.1 2.26905 1.00000
2284.3 2.28433 1.00000
2299.6 2.29961 1.00000
2314.9 2.31490 1.00000
2330.2 2.33018 1.00000
2345.5 2.34546 1.00000
2360.7 2.36074 1.00000
2376.0 2.37602 1.00000
2391.3 2.39130 1.00000
2406.6 2.40658 1.00000
2421.9 2.42186 1.00000
2437.1 2.43714 1.00000
2452.4 2.45242 1.00000
2467.7 2.46770 1.00000
2483.0 2.48298 1.00000
2498.3 2.49826 1.00000
2513.5 2.51355 1.00000
2528.8 2.52883 1.00000
2544.1 2.54411 1.00000
2559.4 2.55939 1.00000
2574.7 2.57467 1.00000
2589.9 2.58995 1.00000
2605.2 2.60523 1.00000
2620.5 2.62051 1.00000
2635.8 2.63579 1.00000
2651.1 2.65107 1.00000
2666.4 2.66635 1.00000
2681.6 2.68163 1.00000
2696.9 2.69691 1.00000
2712.2 2.71220 1.00000
2727.5 2.72748 1.00000
2742.8 2.74276 1.00000
2758.0 2.75804 1.00000
2773.3 2.77332 1.00000
2788.6 2.78860 1.00000
2803.9 2.80388 1.00000
2819.2 2.81916 1.00000
2834.4 2.83444 1.00000
2849.7 2.84972 1.00000
2865.0 2.86500 1.00000
2880.3 2.88028 1.00000
2895.6 2.89556 1.00000
2910.8 2.91085 1.00000
2926.1 2.92613 1.00000
2941.4 2.94141 1.00000
2956.7 2.95669 1.00000
2972.0 2.97197 1.00000
2987.2 2.98725 1.00000
3002.5 3.00253 1.00000
3017.8 3.01781 1.00000
3033.1 3.03309 1.00000
3048.4 3.04837 1.00000
