#ASTEX case using dz = 5m, Nlev =427
#height sv1 sv2
 7.5 0.0 0.0
22.8 0.0 0.0
38.1 0.0 0.0
53.3 0.0 0.0
68.6 0.0 0.0
83.9 0.0 0.0
99.2 0.0 0.0
114.5 0.0 0.0
129.7 0.0 0.0
145.0 0.0 0.0
160.3 0.0 0.0
175.6 0.0 0.0
190.9 0.0 0.0
206.1 0.0 0.0
221.4 0.0 0.0
236.7 0.0 0.0
252.0 0.0 0.0
267.3 0.0 0.0
282.6 0.0 0.0
297.8 0.0 0.0
313.1 0.0 0.0
328.4 0.0 0.0
343.7 0.0 0.0
359.0 0.0 0.0
374.2 0.0 0.0
389.5 0.0 0.0
404.8 0.0 0.0
420.1 0.0 0.0
435.4 0.0 0.0
450.6 0.0 0.0
465.9 0.0 0.0
481.2 0.0 0.0
496.5 0.0 0.0
511.8 0.0 0.0
527.0 0.0 0.0
542.3 0.0 0.0
557.6 0.0 0.0
572.9 0.0 0.0
588.2 0.0 0.0
603.4 0.0 0.0
618.7 0.0 0.0
634.0 0.0 0.0
649.3 0.0 0.0
664.6 0.0 0.0
679.9 0.0 0.0
695.1 0.0 0.0
710.4 0.0 0.0
725.7 0.0 0.0
741.0 0.0 0.0
756.3 0.0 0.0
771.5 0.0 0.0
786.8 0.0 0.0
802.1 0.0 0.0
817.4 0.0 0.0
832.7 0.0 0.0
847.9 0.0 0.0
863.2 0.0 0.0
878.5 0.0 0.0
893.8 0.0 0.0
909.1 0.0 0.0
924.3 0.0 0.0
939.6 0.0 0.0
954.9 0.0 0.0
970.2 0.0 0.0
985.5 0.0 0.0
1000.7 0.0 0.0
1016.0 0.0 0.0
1031.3 0.0 0.0
1046.6 0.0 0.0
1061.9 0.0 0.0
1077.2 0.0 0.0
1092.4 0.0 0.0
1107.7 0.0 0.0
1123.0 0.0 0.0
1138.3 0.0 0.0
1153.6 0.0 0.0
1168.8 0.0 0.0
1184.1 0.0 0.0
1199.4 0.0 0.0
1214.7 0.0 0.0
1230.0 0.0 0.0
1245.2 0.0 0.0
1260.5 0.0 0.0
1275.8 0.0 0.0
1291.1 0.0 0.0
1306.4 0.0 0.0
1321.6 0.0 0.0
1336.9 0.0 0.0
1352.2 0.0 0.0
1367.5 0.0 0.0
1382.8 0.0 0.0
1398.0 0.0 0.0
1413.3 0.0 0.0
1428.6 0.0 0.0
1443.9 0.0 0.0
1459.2 0.0 0.0
1474.5 0.0 0.0
1489.7 0.0 0.0
1505.0 0.0 0.0
1520.3 0.0 0.0
1535.6 0.0 0.0
1550.9 0.0 0.0
1566.1 0.0 0.0
1581.4 0.0 0.0
1596.7 0.0 0.0
1612.0 0.0 0.0
1627.3 0.0 0.0
1642.5 0.0 0.0
1657.8 0.0 0.0
1673.1 0.0 0.0
1688.4 0.0 0.0
1703.7 0.0 0.0
1718.9 0.0 0.0
1734.2 0.0 0.0
1749.5 0.0 0.0
1764.8 0.0 0.0
1780.1 0.0 0.0
1795.3 0.0 0.0
1810.6 0.0 0.0
1825.9 0.0 0.0
1841.2 0.0 0.0
1856.5 0.0 0.0
1871.8 0.0 0.0
1887.0 0.0 0.0
1902.3 0.0 0.0
1917.6 0.0 0.0
1932.9 0.0 0.0
1948.2 0.0 0.0
1963.4 0.0 0.0
1978.7 0.0 0.0
1994.0 0.0 0.0
2009.3 0.0 0.0
2024.6 0.0 0.0
2039.8 0.0 0.0
2055.1 0.0 0.0
2070.4 0.0 0.0
2085.7 0.0 0.0
2101.0 0.0 0.0
2116.2 0.0 0.0
2131.5 0.0 0.0
2146.8 0.0 0.0
2162.1 0.0 0.0
2177.4 0.0 0.0
2192.6 0.0 0.0
2207.9 0.0 0.0
2223.2 0.0 0.0
2238.5 0.0 0.0
2253.8 0.0 0.0
2269.1 0.0 0.0
2284.3 0.0 0.0
2299.6 0.0 0.0
2314.9 0.0 0.0
2330.2 0.0 0.0
2345.5 0.0 0.0
2360.7 0.0 0.0
2376.0 0.0 0.0
2391.3 0.0 0.0
2406.6 0.0 0.0
2421.9 0.0 0.0
2437.1 0.0 0.0
2452.4 0.0 0.0
2467.7 0.0 0.0
2483.0 0.0 0.0
2498.3 0.0 0.0
2513.5 0.0 0.0
2528.8 0.0 0.0
2544.1 0.0 0.0
2559.4 0.0 0.0
2574.7 0.0 0.0
2589.9 0.0 0.0
2605.2 0.0 0.0
2620.5 0.0 0.0
2635.8 0.0 0.0
2651.1 0.0 0.0
2666.4 0.0 0.0
2681.6 0.0 0.0
2696.9 0.0 0.0
2712.2 0.0 0.0
2727.5 0.0 0.0
2742.8 0.0 0.0
2758.0 0.0 0.0
2773.3 0.0 0.0
2788.6 0.0 0.0
2803.9 0.0 0.0
2819.2 0.0 0.0
2834.4 0.0 0.0
2849.7 0.0 0.0
2865.0 0.0 0.0
2880.3 0.0 0.0
2895.6 0.0 0.0
2910.8 0.0 0.0
2926.1 0.0 0.0
2941.4 0.0 0.0
2956.7 0.0 0.0
2972.0 0.0 0.0
2987.2 0.0 0.0
3002.5 0.0 0.0
3017.8 0.0 0.0
3033.1 0.0 0.0
3048.4 0.0 0.0
