      290.355          34
      100.000      268.875  3.92199e-06  4.65340e-06      0.00000
      200.000      267.176  3.82448e-06  6.56148e-06      0.00000
      300.000      261.331  3.78006e-06  8.70300e-06      0.00000
      500.000      246.825  3.62887e-06  1.25507e-05      0.00000
      700.000      241.761  3.53858e-06  1.43375e-05      0.00000
      1000.00      235.702  3.40182e-06  1.48108e-05      0.00000
      2000.00      226.354  2.88623e-06  1.07242e-05      0.00000
      3000.00      220.261  2.81316e-06  6.93558e-06      0.00000
      5000.00      216.793  2.45431e-06  3.72962e-06      0.00000
      7000.00      214.585  2.42887e-06  2.30099e-06      0.00000
      10000.0      211.544  2.34504e-06  1.23118e-06      0.00000
      12500.0      210.155  3.84075e-06  8.30736e-07      0.00000
      15000.0      207.032  9.70504e-06  5.10457e-07      0.00000
      17500.0      207.483  1.56294e-05  3.19893e-07      0.00000
      20000.0      212.088  1.92903e-05  2.07437e-07      0.00000
      22500.0      218.091  2.52988e-05  1.52076e-07      0.00000
      25000.0      224.187  4.02890e-05  1.34563e-07      0.00000
      30000.0      235.090  0.000102126  1.29309e-07      0.00000
      35000.0      243.694  0.000118352  1.25975e-07      0.00000
      40000.0      250.461  0.000136315  1.23563e-07      0.00000
      45000.0      256.521  0.000165330  1.21690e-07      0.00000
      50000.0      261.464  0.000257610  1.20701e-07      0.00000
      55000.0      265.474  0.000639339  1.19299e-07      0.00000
      60000.0      269.271   0.00125688  1.17758e-07      0.00000
      65000.0      273.125   0.00173608  1.17242e-07      0.00000
      70000.0      276.708   0.00226375  1.19453e-07      0.00000
      75000.0      280.021   0.00366378  1.26623e-07      0.00000
      77500.0      281.646   0.00442400  1.29495e-07      0.00000
      80000.0      283.169   0.00515200  1.30223e-07      0.00000
      85177.7      285.413   0.00662200  1.30223e-07      0.00000
      94591.7      288.871   0.00910000  1.30223e-07      0.00000
      95153.9      285.634   0.00951940  1.30223e-07  0.000680597
      99246.4      287.378    0.0102000  1.30223e-07      0.00000
      102810.      290.291    0.0102000  1.30223e-07      0.00000
