 #baseprofiles
 #height rhobf
    7.5  0.12294650350690683E+01
   22.5  0.12277139553515011E+01
   37.5  0.12259647845358210E+01
   52.5  0.12242175211793171E+01
   67.5  0.12224721638399139E+01
   82.5  0.12207287110761300E+01
   97.5  0.12189871614470904E+01
  112.5  0.12172475135125425E+01
  127.5  0.12155097658328189E+01
  142.5  0.12137739169688702E+01
  157.5  0.12120399654822618E+01
  172.5  0.12103079099351539E+01
  187.5  0.12085777488903184E+01
  202.5  0.12068494809111447E+01
  217.5  0.12051231045616115E+01
  232.5  0.12033986184063128E+01
  247.5  0.12016760210104573E+01
  262.5  0.11999553109398413E+01
  277.5  0.11982364867608877E+01
  292.5  0.11965195470406205E+01
  307.5  0.11948044903466657E+01
  322.5  0.11930913152472524E+01
  337.5  0.11913800203112364E+01
  352.5  0.11896706041080571E+01
  367.5  0.11879630652077688E+01
  382.5  0.11862574021810375E+01
  397.5  0.11845536135991404E+01
  412.5  0.11828516980339308E+01
  427.5  0.11811516540579055E+01
  442.5  0.11794534802441505E+01
  457.5  0.11777571751663638E+01
  472.5  0.11760627373988275E+01
  487.5  0.11743701655164716E+01
  502.5  0.11726794580947899E+01
  517.5  0.11709906137099160E+01
  532.5  0.11693036309385629E+01
  546.8  0.11676915699260828E+01
  560.0  0.11662208492999988E+01
  571.9  0.11648789695253259E+01
  582.9  0.11636545404252687E+01
  592.8  0.11625371992795126E+01
  601.9  0.11615175106844731E+01
  610.3  0.11605868956795995E+01
  617.9  0.11597375147287130E+01
  624.8  0.11589622407713844E+01
  631.2  0.11582545651547043E+01
  636.9  0.11576085794823485E+01
  642.4  0.11570053679285399E+01
  647.5  0.11564317911086170E+01
  652.5  0.11558746162615356E+01
  657.5  0.11553176468401503E+01
  662.5  0.11547608827919638E+01
  667.5  0.11542043240644826E+01
  672.5  0.11536479706052269E+01
  677.5  0.11530918223617261E+01
  682.5  0.11525358792815206E+01
  687.5  0.11519801413121302E+01
  692.5  0.11514246084011117E+01
  697.5  0.11508692804960283E+01
  702.5  0.11503141575444331E+01
  707.5  0.11497592394939020E+01
  712.5  0.11492045262920090E+01
  717.5  0.11486500178863439E+01
  722.5  0.11480957142244941E+01
  727.5  0.11475416152540638E+01
  732.5  0.11469877209226529E+01
  737.5  0.11464340311778887E+01
  742.5  0.11458805459673795E+01
  747.5  0.11453272652387692E+01
  752.5  0.11447741889396932E+01
  757.5  0.11442213170177837E+01
  762.5  0.11436686494207053E+01
  767.5  0.11431161860961185E+01
  772.5  0.11425639269916841E+01
  777.5  0.11420118720550743E+01
  782.5  0.11414600212339763E+01
  787.5  0.11409083744760848E+01
  792.5  0.11403569317290940E+01
  797.5  0.11398056929407032E+01
  802.5  0.11392546580586296E+01
  807.5  0.11387038270305907E+01
  812.5  0.11381531998043126E+01
  817.5  0.11376027763275325E+01
  822.5  0.11370525565480001E+01
  827.5  0.11365025404134455E+01
  832.5  0.11359527278716417E+01
  837.5  0.11354031188703473E+01
  842.5  0.11348537133573362E+01
  847.5  0.11343045112803856E+01
  852.5  0.11337555125872805E+01
  857.5  0.11332067172258227E+01
  862.5  0.11326581251438093E+01
  867.5  0.11321097362890464E+01
  872.5  0.11315615506093553E+01
  877.5  0.11310135680525601E+01
  882.5  0.11304657885664895E+01
  887.5  0.11299182120989850E+01
  892.5  0.11293708385978916E+01
  897.5  0.11288236680110655E+01
  902.5  0.11282767002863747E+01
  907.5  0.11277299353716723E+01
  912.5  0.11271833732148411E+01
  917.5  0.11266370137637709E+01
  922.5  0.11260908569663459E+01
  927.5  0.11255449027704747E+01
  932.5  0.11249991511240496E+01
  937.5  0.11244536019749922E+01
  942.5  0.11239082552712250E+01
  947.5  0.11233631109606748E+01
  952.5  0.11228181689912835E+01
  957.5  0.11222734293109795E+01
  962.5  0.11217288918677275E+01
  967.5  0.11211845566094822E+01
  972.5  0.11206404234842069E+01
  977.5  0.11200964924398844E+01
  982.5  0.11195527634244862E+01
  987.5  0.11190092363860036E+01
  992.5  0.11184659112724260E+01
  997.5  0.11179227880317655E+01
 1002.5  0.11173798666120358E+01
 1007.5  0.11168371469612461E+01
 1012.5  0.11162946290274218E+01
 1017.5  0.11157523127586042E+01
 1022.5  0.11152101981028277E+01
 1027.5  0.11146682850081393E+01
 1032.5  0.11141265734226020E+01
 1037.5  0.11135850632942734E+01
 1042.5  0.11130437545712235E+01
 1047.5  0.11125026472015296E+01
 1052.5  0.11119617411332843E+01
 1057.5  0.11114210363145678E+01
 1062.5  0.11108805326934899E+01
 1067.5  0.11103402302181515E+01
 1072.5  0.11098001288366814E+01
 1077.5  0.11092602284971900E+01
 1082.5  0.11087205291478048E+01
 1087.5  0.11081810307366693E+01
 1092.5  0.11076417332119377E+01
 1097.5  0.11071026365217453E+01
 1102.5  0.11065637406142628E+01
 1107.5  0.11060250454376506E+01
 1112.5  0.11054865509400866E+01
 1117.5  0.11049482570697597E+01
 1122.5  0.11044101637748500E+01
 1127.5  0.11038722710035589E+01
 1132.5  0.11033345787040867E+01
 1137.5  0.11027970868246588E+01
 1142.5  0.11022597953134790E+01
 1147.5  0.11017227041187809E+01
 1152.5  0.11011858131887977E+01
 1157.5  0.11006491224717765E+01
 1162.5  0.11001126319159589E+01
 1167.5  0.10995763414696074E+01
 1172.5  0.10990402510809809E+01
 1177.5  0.10985043606983571E+01
 1182.5  0.10979686702700118E+01
 1187.5  0.10974331797442314E+01
 1192.5  0.10968978890693137E+01
 1197.5  0.10963627981935560E+01
 1202.5  0.10958279070652650E+01
 1207.5  0.10952932156327666E+01
 1212.5  0.10947587238443723E+01
 1217.5  0.10942244316484298E+01
 1222.5  0.10936903389932635E+01
 1227.5  0.10931564458272256E+01
 1232.5  0.10926227520986611E+01
 1237.5  0.10920892577559491E+01
 1242.5  0.10915559627474418E+01
 1247.5  0.10910228670215216E+01
 1252.5  0.10904899705265743E+01
 1257.5  0.10899572732109832E+01
 1262.5  0.10894247750231552E+01
 1267.5  0.10888924759114946E+01
 1272.5  0.10883603758244098E+01
 1277.5  0.10878284747103228E+01
 1282.5  0.10872967725176665E+01
 1287.5  0.10867652691948746E+01
 1292.5  0.10862339646903851E+01
 1297.5  0.10857028589526545E+01
 1302.5  0.10851719519301406E+01
 1307.5  0.10846412435713015E+01
 1312.5  0.10841107338246174E+01
 1317.5  0.10835804226385661E+01
 1322.5  0.10830503099616389E+01
 1327.5  0.10825203957423233E+01
 1332.5  0.10819906799291310E+01
 1337.5  0.10814611624705659E+01
 1342.5  0.10809318433151505E+01
 1347.5  0.10804027224113997E+01
 1352.5  0.10798737997078616E+01
 1357.5  0.10793450751530642E+01
 1362.5  0.10788165486955537E+01
 1367.5  0.10782882202838946E+01
 1372.5  0.10777600898666442E+01
 1377.5  0.10772321573923633E+01
 1382.5  0.10767044228096498E+01
 1387.5  0.10761768860670680E+01
 1392.5  0.10756495471132197E+01
 1397.5  0.10751224058966957E+01
 1402.5  0.10745954623661194E+01
 1407.5  0.10740687164700911E+01
 1412.5  0.10735421681572375E+01
 1417.5  0.10730158173761863E+01
 1422.5  0.10724896640755759E+01
 1427.5  0.10719637082040492E+01
 1432.5  0.10714379497102537E+01
 1437.5  0.10709123885428575E+01
 1442.5  0.10703870246505205E+01
 1447.5  0.10698618579819117E+01
 1452.5  0.10693368884857295E+01
 1457.5  0.10688121161106452E+01
 1462.5  0.10682875408053609E+01
 1467.5  0.10677631625185851E+01
 1472.5  0.10672389811990268E+01
 1477.5  0.10667149967953926E+01
 1482.5  0.10661912092564287E+01
 1487.5  0.10656676185308487E+01
 1492.5  0.10651442245674072E+01
 1497.5  0.10646210273148446E+01
 1502.5  0.10640980267219251E+01
 1507.5  0.10635752227374060E+01
 1512.5  0.10630526153100541E+01
 1517.5  0.10625302043886540E+01
 1522.5  0.10620079899219872E+01
 1527.5  0.10614859718588481E+01
 1532.5  0.10609641501480416E+01
 1537.5  0.10604425247383662E+01
 1542.5  0.10599210955786420E+01
 1547.5  0.10593998626176926E+01
 1552.5  0.10588788258043480E+01
 1557.5  0.10583579850874436E+01
 1562.5  0.10578373404158243E+01
 1567.5  0.10573168917383415E+01
 1572.5  0.10567966390038614E+01
 1577.5  0.10562765821612448E+01
 1582.5  0.10557567211593659E+01
 1587.5  0.10552370559471107E+01
 1592.5  0.10547175864733731E+01
 1597.5  0.10541983126870351E+01
 1602.5  0.10536792345370132E+01
 1607.5  0.10531603519722155E+01
 1612.5  0.10526416649415624E+01
 1617.5  0.10521231733939831E+01
 1622.5  0.10516048772784039E+01
 1627.5  0.10510867765437735E+01
 1632.5  0.10505688711390357E+01
 1637.5  0.10500511610131549E+01
 1642.5  0.10495336461150881E+01
 1647.5  0.10490163263938082E+01
 1652.5  0.10484992017982953E+01
 1657.5  0.10479822722775280E+01
 1662.5  0.10474655377805102E+01
 1667.5  0.10469489982562417E+01
 1672.5  0.10464326536537245E+01
 1677.5  0.10459165039219813E+01
 1682.5  0.10454005490100271E+01
 1687.5  0.10448847888669033E+01
 1692.5  0.10443692234416406E+01
 1697.5  0.10438538526832843E+01
 1702.5  0.10433386765408910E+01
 1707.5  0.10428236949635210E+01
 1712.5  0.10423089079002408E+01
 1717.5  0.10417943153001199E+01
 1722.5  0.10412799171122524E+01
 1727.5  0.10407657132857253E+01
 1732.5  0.10402517037696324E+01
 1737.5  0.10397378885130759E+01
 1742.5  0.10392242674651746E+01
 1747.5  0.10387108405750540E+01
 1752.5  0.10381976077918260E+01
 1757.5  0.10376845690646375E+01
 1762.5  0.10371717243426213E+01
 1767.5  0.10366590735749346E+01
 1772.5  0.10361466167107285E+01
 1777.5  0.10356343536991717E+01
 1782.5  0.10351222844894430E+01
 1787.5  0.10346104090307040E+01
 1792.5  0.10340987272721565E+01
 1797.5  0.10335872391629879E+01
 1802.5  0.10330759446524003E+01
 1807.5  0.10325648436896053E+01
 1812.5  0.10320539362238157E+01
 1817.5  0.10315432222042591E+01
 1822.5  0.10310327015801641E+01
 1827.5  0.10305223743007668E+01
 1832.5  0.10300122403153220E+01
 1837.5  0.10295022995730754E+01
 1842.5  0.10289925520232948E+01
 1847.5  0.10284829976152376E+01
 1852.5  0.10279736362981928E+01
 1857.5  0.10274644680214300E+01
 1862.5  0.10269554927342484E+01
 1867.5  0.10264467103859498E+01
 1872.5  0.10259381209258347E+01
 1877.5  0.10254297243032098E+01
 1882.5  0.10249215204674043E+01
 1887.5  0.10244135093677382E+01
 1892.5  0.10239056909535567E+01
 1897.5  0.10233980651741965E+01
 1902.5  0.10228906319790159E+01
 1907.5  0.10223833913173526E+01
 1912.5  0.10218763431385884E+01
 1917.5  0.10213694873920942E+01
 1922.5  0.10208628240272373E+01
 1927.5  0.10203563529934223E+01
 1932.5  0.10198500742400334E+01
 1937.5  0.10193439877164689E+01
 1942.5  0.10188380933721539E+01
 1947.5  0.10183323911564863E+01
 1952.5  0.10178268810189004E+01
 1957.5  0.10173215629088290E+01
 1962.5  0.10168164367757067E+01
 1967.5  0.10163115025689857E+01
 1972.5  0.10158067602381109E+01
 1977.5  0.10153022097325519E+01
 1982.5  0.10147978510017752E+01
 1987.5  0.10142936839952483E+01
 1992.5  0.10137897086624681E+01
 1997.5  0.10132859249529231E+01
 2002.5  0.10127823328161043E+01
 2007.5  0.10122789322015202E+01
 2012.5  0.10117757230586883E+01
 2017.5  0.10112727053371227E+01
 2022.5  0.10107698789863595E+01
 2027.5  0.10102672439559273E+01
 2032.5  0.10097648001953714E+01
 2037.5  0.10092625476542447E+01
 2042.5  0.10087604862820998E+01
 2047.5  0.10082586160285072E+01
 2052.5  0.10077569368430284E+01
 2057.5  0.10072554486752605E+01
 2062.5  0.10067541514747791E+01
 2067.5  0.10062530451911780E+01
 2072.5  0.10057521297740675E+01
 2077.5  0.10052514051730512E+01
 2082.5  0.10047508713377460E+01
 2087.5  0.10042505282177820E+01
 2092.5  0.10037503757627873E+01
 2097.5  0.10032504139223952E+01
 2102.5  0.10027506426462585E+01
 2107.5  0.10022510618840355E+01
 2112.5  0.10017516715853827E+01
 2117.5  0.10012524716999640E+01
 2122.5  0.10007534621774656E+01
 2127.5  0.10002546429675636E+01
 2132.5  0.99975601401995207E+00
 2137.5  0.99925757528433024E+00
 2142.5  0.99875932671040579E+00
 2147.5  0.99826126824788552E+00
 2152.5  0.99776339984649498E+00
 2157.5  0.99726572145596204E+00
 2162.5  0.99676823302601958E+00
 2167.5  0.99627093450641502E+00
 2172.5  0.99577382584689778E+00
 2177.5  0.99527690699722526E+00
 2182.5  0.99478017790716133E+00
 2187.5  0.99428363852647672E+00
 2192.5  0.99378728880495593E+00
 2197.5  0.99329112869238168E+00
 2202.5  0.99279515813854846E+00
 2207.5  0.99229937709326743E+00
 2212.5  0.99180378550634185E+00
 2217.5  0.99130838332758997E+00
 2222.5  0.99081317050682793E+00
 2227.5  0.99031814699390219E+00
 2232.5  0.98982331273864321E+00
 2237.5  0.98932866769090133E+00
 2242.5  0.98883421180052700E+00
 2247.5  0.98833994501738454E+00
 2252.5  0.98784586729133672E+00
 2257.5  0.98735197857226809E+00
 2262.5  0.98685827881006294E+00
 2267.5  0.98636476795460193E+00
 2272.5  0.98587144595579446E+00
 2277.5  0.98537831276353938E+00
 2282.5  0.98488536832775719E+00
 2287.5  0.98439261259835908E+00
 2292.5  0.98390004552527943E+00
 2297.5  0.98340766705845373E+00
 2302.5  0.98291547714782124E+00
 2307.5  0.98242347574333888E+00
 2312.5  0.98193166279496236E+00
 2317.5  0.98144003825264758E+00
 2322.5  0.98094860206637813E+00
 2327.5  0.98045735418612590E+00
 2332.5  0.97996629456188633E+00
 2337.5  0.97947542314365221E+00
 2342.5  0.97898473988142087E+00
 2347.5  0.97849424472520397E+00
 2352.5  0.97800393762502491E+00
 2357.5  0.97751381853089592E+00
 2362.5  0.97702388739285673E+00
 2367.5  0.97653414416094608E+00
 2372.5  0.97604458878520806E+00
 2377.5  0.97555522121569582E+00
 2382.5  0.97506604140247632E+00
 2387.5  0.97457704929561595E+00
 2392.5  0.97408824484518741E+00
 2397.5  0.97359962800127109E+00
 2402.8  0.97308544690595755E+00
 2408.6  0.97252006387597367E+00
 2414.9  0.97190128435647716E+00
 2421.8  0.97122404385962235E+00
 2429.4  0.97048289199907434E+00
 2437.8  0.96967182978047117E+00
 2446.9  0.96878431449371305E+00
 2456.9  0.96781319415654488E+00
 2467.8  0.96675066692999756E+00
 2479.8  0.96558821817322560E+00
 2492.9  0.96431655920459314E+00
 2507.2  0.96292556806638341E+00
 2522.9  0.96140420901069346E+00
 2540.1  0.95974040772400993E+00
 2559.0  0.95792109531126890E+00
 2579.6  0.95593194948930571E+00
 2602.2  0.95375749449973635E+00
 2626.9  0.95138078302408935E+00
 2654.0  0.94878350851375937E+00
 2683.7  0.94594570318909210E+00
 2716.1  0.94284577437325257E+00
 2751.7  0.93946027192389003E+00
 2790.6  0.93576381038734124E+00
 2833.3  0.93172898413909455E+00
 2880.0  0.92732611771825679E+00
 2931.1  0.92252324854276080E+00
 2987.1  0.91728595300180205E+00
 3048.4  0.91157727518684140E+00
