#ASTEX case using nonequidistant vertical grid as in EUCLIPSE, Nlev =427
#height     ug    vg      wfls    dqtdx    dqtdy    dqtdtls    thlpcart
 7.5 -2 -10 0.000000 0.000000 0.000000 0.000000 0.000000
22.5 -2 -10 -0.000077 0.000000 0.000000 0.000000 0.000000
37.5 -2 -10 -0.000154 0.000000 0.000000 0.000000 0.000000
52.5 -2 -10 -0.000231 0.000000 0.000000 0.000000 0.000000
67.5 -2 -10 -0.000307 0.000000 0.000000 0.000000 0.000000
82.5 -2 -10 -0.000384 0.000000 0.000000 0.000000 0.000000
97.5 -2 -10 -0.000461 0.000000 0.000000 0.000000 0.000000
112.5 -2 -10 -0.000538 0.000000 0.000000 0.000000 0.000000
127.5 -2 -10 -0.000615 0.000000 0.000000 0.000000 0.000000
142.5 -2 -10 -0.000692 0.000000 0.000000 0.000000 0.000000
157.5 -2 -10 -0.000769 0.000000 0.000000 0.000000 0.000000
172.5 -2 -10 -0.000846 0.000000 0.000000 0.000000 0.000000
187.5 -2 -10 -0.000922 0.000000 0.000000 0.000000 0.000000
202.5 -2 -10 -0.000999 0.000000 0.000000 0.000000 0.000000
217.5 -2 -10 -0.001076 0.000000 0.000000 0.000000 0.000000
232.5 -2 -10 -0.001153 0.000000 0.000000 0.000000 0.000000
247.5 -2 -10 -0.001230 0.000000 0.000000 0.000000 0.000000
262.5 -2 -10 -0.001307 0.000000 0.000000 0.000000 0.000000
277.5 -2 -10 -0.001384 0.000000 0.000000 0.000000 0.000000
292.5 -2 -10 -0.001461 0.000000 0.000000 0.000000 0.000000
307.5 -2 -10 -0.001537 0.000000 0.000000 0.000000 0.000000
322.5 -2 -10 -0.001612 0.000000 0.000000 0.000000 0.000000
337.5 -2 -10 -0.001687 0.000000 0.000000 0.000000 0.000000
352.5 -2 -10 -0.001762 0.000000 0.000000 0.000000 0.000000
367.5 -2 -10 -0.001837 0.000000 0.000000 0.000000 0.000000
382.5 -2 -10 -0.001913 0.000000 0.000000 0.000000 0.000000
397.5 -2 -10 -0.001987 0.000000 0.000000 0.000000 0.000000
412.5 -2 -10 -0.002062 0.000000 0.000000 0.000000 0.000000
427.5 -2 -10 -0.002137 0.000000 0.000000 0.000000 0.000000
442.5 -2 -10 -0.002212 0.000000 0.000000 0.000000 0.000000
457.5 -2 -10 -0.002288 0.000000 0.000000 0.000000 0.000000
472.5 -2 -10 -0.002362 0.000000 0.000000 0.000000 0.000000
487.5 -2 -10 -0.002437 0.000000 0.000000 0.000000 0.000000
502.5 -2 -10 -0.002512 0.000000 0.000000 0.000000 0.000000
517.5 -2 -10 -0.002588 0.000000 0.000000 0.000000 0.000000
532.5 -2 -10 -0.002662 0.000000 0.000000 0.000000 0.000000
546.8 -2 -10 -0.002734 0.000000 0.000000 0.000000 0.000000
560.0 -2 -10 -0.002800 0.000000 0.000000 0.000000 0.000000
571.9 -2 -10 -0.002860 0.000000 0.000000 0.000000 0.000000
582.9 -2 -10 -0.002914 0.000000 0.000000 0.000000 0.000000
592.8 -2 -10 -0.002964 0.000000 0.000000 0.000000 0.000000
601.9 -2 -10 -0.003010 0.000000 0.000000 0.000000 0.000000
610.3 -2 -10 -0.003051 0.000000 0.000000 0.000000 0.000000
617.9 -2 -10 -0.003089 0.000000 0.000000 0.000000 0.000000
624.8 -2 -10 -0.003124 0.000000 0.000000 0.000000 0.000000
631.2 -2 -10 -0.003156 0.000000 0.000000 0.000000 0.000000
636.9 -2 -10 -0.003185 0.000000 0.000000 0.000000 0.000000
642.4 -2 -10 -0.003212 0.000000 0.000000 0.000000 0.000000
647.5 -2 -10 -0.003237 0.000000 0.000000 0.000000 0.000000
652.5 -2 -10 -0.003262 0.000000 0.000000 0.000000 0.000000
657.5 -2 -10 -0.003287 0.000000 0.000000 0.000000 0.000000
662.5 -2 -10 -0.003312 0.000000 0.000000 0.000000 0.000000
667.5 -2 -10 -0.003337 0.000000 0.000000 0.000000 0.000000
672.5 -2 -10 -0.003362 0.000000 0.000000 0.000000 0.000000
677.5 -2 -10 -0.003388 0.000000 0.000000 0.000000 0.000000
682.5 -2 -10 -0.003413 0.000000 0.000000 0.000000 0.000000
687.5 -2 -10 -0.003437 0.000000 0.000000 0.000000 0.000000
692.5 -2 -10 -0.003462 0.000000 0.000000 0.000000 0.000000
697.5 -2 -10 -0.003487 0.000000 0.000000 0.000000 0.000000
702.5 -2 -10 -0.003513 0.000000 0.000000 0.000000 0.000000
707.5 -2 -10 -0.003538 0.000000 0.000000 0.000000 0.000000
712.5 -2 -10 -0.003563 0.000000 0.000000 0.000000 0.000000
717.5 -2 -10 -0.003587 0.000000 0.000000 0.000000 0.000000
722.5 -2 -10 -0.003612 0.000000 0.000000 0.000000 0.000000
727.5 -2 -10 -0.003638 0.000000 0.000000 0.000000 0.000000
732.5 -2 -10 -0.003663 0.000000 0.000000 0.000000 0.000000
737.5 -2 -10 -0.003688 0.000000 0.000000 0.000000 0.000000
742.5 -2 -10 -0.003712 0.000000 0.000000 0.000000 0.000000
747.5 -2 -10 -0.003737 0.000000 0.000000 0.000000 0.000000
752.5 -2 -10 -0.003762 0.000000 0.000000 0.000000 0.000000
757.5 -2 -10 -0.003788 0.000000 0.000000 0.000000 0.000000
762.5 -2 -10 -0.003813 0.000000 0.000000 0.000000 0.000000
767.5 -2 -10 -0.003838 0.000000 0.000000 0.000000 0.000000
772.5 -2 -10 -0.003862 0.000000 0.000000 0.000000 0.000000
777.5 -2 -10 -0.003888 0.000000 0.000000 0.000000 0.000000
782.5 -2 -10 -0.003913 0.000000 0.000000 0.000000 0.000000
787.5 -2 -10 -0.003938 0.000000 0.000000 0.000000 0.000000
792.5 -2 -10 -0.003963 0.000000 0.000000 0.000000 0.000000
797.5 -2 -10 -0.003987 0.000000 0.000000 0.000000 0.000000
802.5 -2 -10 -0.004012 0.000000 0.000000 0.000000 0.000000
807.5 -2 -10 -0.004037 0.000000 0.000000 0.000000 0.000000
812.5 -2 -10 -0.004062 0.000000 0.000000 0.000000 0.000000
817.5 -2 -10 -0.004088 0.000000 0.000000 0.000000 0.000000
822.5 -2 -10 -0.004113 0.000000 0.000000 0.000000 0.000000
827.5 -2 -10 -0.004138 0.000000 0.000000 0.000000 0.000000
832.5 -2 -10 -0.004163 0.000000 0.000000 0.000000 0.000000
837.5 -2 -10 -0.004188 0.000000 0.000000 0.000000 0.000000
842.5 -2 -10 -0.004213 0.000000 0.000000 0.000000 0.000000
847.5 -2 -10 -0.004238 0.000000 0.000000 0.000000 0.000000
852.5 -2 -10 -0.004262 0.000000 0.000000 0.000000 0.000000
857.5 -2 -10 -0.004287 0.000000 0.000000 0.000000 0.000000
862.5 -2 -10 -0.004312 0.000000 0.000000 0.000000 0.000000
867.5 -2 -10 -0.004337 0.000000 0.000000 0.000000 0.000000
872.5 -2 -10 -0.004363 0.000000 0.000000 0.000000 0.000000
877.5 -2 -10 -0.004388 0.000000 0.000000 0.000000 0.000000
882.5 -2 -10 -0.004413 0.000000 0.000000 0.000000 0.000000
887.5 -2 -10 -0.004438 0.000000 0.000000 0.000000 0.000000
892.5 -2 -10 -0.004463 0.000000 0.000000 0.000000 0.000000
897.5 -2 -10 -0.004488 0.000000 0.000000 0.000000 0.000000
902.5 -2 -10 -0.004513 0.000000 0.000000 0.000000 0.000000
907.5 -2 -10 -0.004537 0.000000 0.000000 0.000000 0.000000
912.5 -2 -10 -0.004562 0.000000 0.000000 0.000000 0.000000
917.5 -2 -10 -0.004588 0.000000 0.000000 0.000000 0.000000
922.5 -2 -10 -0.004612 0.000000 0.000000 0.000000 0.000000
927.5 -2 -10 -0.004638 0.000000 0.000000 0.000000 0.000000
932.5 -2 -10 -0.004663 0.000000 0.000000 0.000000 0.000000
937.5 -2 -10 -0.004688 0.000000 0.000000 0.000000 0.000000
942.5 -2 -10 -0.004713 0.000000 0.000000 0.000000 0.000000
947.5 -2 -10 -0.004738 0.000000 0.000000 0.000000 0.000000
952.5 -2 -10 -0.004763 0.000000 0.000000 0.000000 0.000000
957.5 -2 -10 -0.004788 0.000000 0.000000 0.000000 0.000000
962.5 -2 -10 -0.004812 0.000000 0.000000 0.000000 0.000000
967.5 -2 -10 -0.004837 0.000000 0.000000 0.000000 0.000000
972.5 -2 -10 -0.004863 0.000000 0.000000 0.000000 0.000000
977.5 -2 -10 -0.004887 0.000000 0.000000 0.000000 0.000000
982.5 -2 -10 -0.004913 0.000000 0.000000 0.000000 0.000000
987.5 -2 -10 -0.004938 0.000000 0.000000 0.000000 0.000000
992.5 -2 -10 -0.004963 0.000000 0.000000 0.000000 0.000000
997.5 -2 -10 -0.004988 0.000000 0.000000 0.000000 0.000000
1002.5 -2 -10 -0.005013 0.000000 0.000000 0.000000 0.000000
1007.5 -2 -10 -0.005038 0.000000 0.000000 0.000000 0.000000
1012.5 -2 -10 -0.005063 0.000000 0.000000 0.000000 0.000000
1017.5 -2 -10 -0.005087 0.000000 0.000000 0.000000 0.000000
1022.5 -2 -10 -0.005112 0.000000 0.000000 0.000000 0.000000
1027.5 -2 -10 -0.005138 0.000000 0.000000 0.000000 0.000000
1032.5 -2 -10 -0.005162 0.000000 0.000000 0.000000 0.000000
1037.5 -2 -10 -0.005188 0.000000 0.000000 0.000000 0.000000
1042.5 -2 -10 -0.005213 0.000000 0.000000 0.000000 0.000000
1047.5 -2 -10 -0.005238 0.000000 0.000000 0.000000 0.000000
1052.5 -2 -10 -0.005263 0.000000 0.000000 0.000000 0.000000
1057.5 -2 -10 -0.005288 0.000000 0.000000 0.000000 0.000000
1062.5 -2 -10 -0.005313 0.000000 0.000000 0.000000 0.000000
1067.5 -2 -10 -0.005338 0.000000 0.000000 0.000000 0.000000
1072.5 -2 -10 -0.005362 0.000000 0.000000 0.000000 0.000000
1077.5 -2 -10 -0.005387 0.000000 0.000000 0.000000 0.000000
1082.5 -2 -10 -0.005413 0.000000 0.000000 0.000000 0.000000
1087.5 -2 -10 -0.005437 0.000000 0.000000 0.000000 0.000000
1092.5 -2 -10 -0.005463 0.000000 0.000000 0.000000 0.000000
1097.5 -2 -10 -0.005488 0.000000 0.000000 0.000000 0.000000
1102.5 -2 -10 -0.005513 0.000000 0.000000 0.000000 0.000000
1107.5 -2 -10 -0.005538 0.000000 0.000000 0.000000 0.000000
1112.5 -2 -10 -0.005563 0.000000 0.000000 0.000000 0.000000
1117.5 -2 -10 -0.005588 0.000000 0.000000 0.000000 0.000000
1122.5 -2 -10 -0.005613 0.000000 0.000000 0.000000 0.000000
1127.5 -2 -10 -0.005638 0.000000 0.000000 0.000000 0.000000
1132.5 -2 -10 -0.005662 0.000000 0.000000 0.000000 0.000000
1137.5 -2 -10 -0.005688 0.000000 0.000000 0.000000 0.000000
1142.5 -2 -10 -0.005712 0.000000 0.000000 0.000000 0.000000
1147.5 -2 -10 -0.005738 0.000000 0.000000 0.000000 0.000000
1152.5 -2 -10 -0.005763 0.000000 0.000000 0.000000 0.000000
1157.5 -2 -10 -0.005788 0.000000 0.000000 0.000000 0.000000
1162.5 -2 -10 -0.005813 0.000000 0.000000 0.000000 0.000000
1167.5 -2 -10 -0.005838 0.000000 0.000000 0.000000 0.000000
1172.5 -2 -10 -0.005863 0.000000 0.000000 0.000000 0.000000
1177.5 -2 -10 -0.005888 0.000000 0.000000 0.000000 0.000000
1182.5 -2 -10 -0.005913 0.000000 0.000000 0.000000 0.000000
1187.5 -2 -10 -0.005937 0.000000 0.000000 0.000000 0.000000
1192.5 -2 -10 -0.005963 0.000000 0.000000 0.000000 0.000000
1197.5 -2 -10 -0.005987 0.000000 0.000000 0.000000 0.000000
1202.5 -2 -10 -0.006013 0.000000 0.000000 0.000000 0.000000
1207.5 -2 -10 -0.006038 0.000000 0.000000 0.000000 0.000000
1212.5 -2 -10 -0.006063 0.000000 0.000000 0.000000 0.000000
1217.5 -2 -10 -0.006088 0.000000 0.000000 0.000000 0.000000
1222.5 -2 -10 -0.006113 0.000000 0.000000 0.000000 0.000000
1227.5 -2 -10 -0.006138 0.000000 0.000000 0.000000 0.000000
1232.5 -2 -10 -0.006163 0.000000 0.000000 0.000000 0.000000
1237.5 -2 -10 -0.006188 0.000000 0.000000 0.000000 0.000000
1242.5 -2 -10 -0.006212 0.000000 0.000000 0.000000 0.000000
1247.5 -2 -10 -0.006238 0.000000 0.000000 0.000000 0.000000
1252.5 -2 -10 -0.006262 0.000000 0.000000 0.000000 0.000000
1257.5 -2 -10 -0.006288 0.000000 0.000000 0.000000 0.000000
1262.5 -2 -10 -0.006313 0.000000 0.000000 0.000000 0.000000
1267.5 -2 -10 -0.006338 0.000000 0.000000 0.000000 0.000000
1272.5 -2 -10 -0.006363 0.000000 0.000000 0.000000 0.000000
1277.5 -2 -10 -0.006388 0.000000 0.000000 0.000000 0.000000
1282.5 -2 -10 -0.006413 0.000000 0.000000 0.000000 0.000000
1287.5 -2 -10 -0.006438 0.000000 0.000000 0.000000 0.000000
1292.5 -2 -10 -0.006463 0.000000 0.000000 0.000000 0.000000
1297.5 -2 -10 -0.006487 0.000000 0.000000 0.000000 0.000000
1302.5 -2 -10 -0.006513 0.000000 0.000000 0.000000 0.000000
1307.5 -2 -10 -0.006538 0.000000 0.000000 0.000000 0.000000
1312.5 -2 -10 -0.006563 0.000000 0.000000 0.000000 0.000000
1317.5 -2 -10 -0.006588 0.000000 0.000000 0.000000 0.000000
1322.5 -2 -10 -0.006613 0.000000 0.000000 0.000000 0.000000
1327.5 -2 -10 -0.006638 0.000000 0.000000 0.000000 0.000000
1332.5 -2 -10 -0.006663 0.000000 0.000000 0.000000 0.000000
1337.5 -2 -10 -0.006688 0.000000 0.000000 0.000000 0.000000
1342.5 -2 -10 -0.006713 0.000000 0.000000 0.000000 0.000000
1347.5 -2 -10 -0.006738 0.000000 0.000000 0.000000 0.000000
1352.5 -2 -10 -0.006762 0.000000 0.000000 0.000000 0.000000
1357.5 -2 -10 -0.006788 0.000000 0.000000 0.000000 0.000000
1362.5 -2 -10 -0.006813 0.000000 0.000000 0.000000 0.000000
1367.5 -2 -10 -0.006838 0.000000 0.000000 0.000000 0.000000
1372.5 -2 -10 -0.006863 0.000000 0.000000 0.000000 0.000000
1377.5 -2 -10 -0.006888 0.000000 0.000000 0.000000 0.000000
1382.5 -2 -10 -0.006913 0.000000 0.000000 0.000000 0.000000
1387.5 -2 -10 -0.006938 0.000000 0.000000 0.000000 0.000000
1392.5 -2 -10 -0.006963 0.000000 0.000000 0.000000 0.000000
1397.5 -2 -10 -0.006988 0.000000 0.000000 0.000000 0.000000
1402.5 -2 -10 -0.007013 0.000000 0.000000 0.000000 0.000000
1407.5 -2 -10 -0.007037 0.000000 0.000000 0.000000 0.000000
1412.5 -2 -10 -0.007063 0.000000 0.000000 0.000000 0.000000
1417.5 -2 -10 -0.007088 0.000000 0.000000 0.000000 0.000000
1422.5 -2 -10 -0.007113 0.000000 0.000000 0.000000 0.000000
1427.5 -2 -10 -0.007138 0.000000 0.000000 0.000000 0.000000
1432.5 -2 -10 -0.007163 0.000000 0.000000 0.000000 0.000000
1437.5 -2 -10 -0.007188 0.000000 0.000000 0.000000 0.000000
1442.5 -2 -10 -0.007213 0.000000 0.000000 0.000000 0.000000
1447.5 -2 -10 -0.007238 0.000000 0.000000 0.000000 0.000000
1452.5 -2 -10 -0.007263 0.000000 0.000000 0.000000 0.000000
1457.5 -2 -10 -0.007288 0.000000 0.000000 0.000000 0.000000
1462.5 -2 -10 -0.007312 0.000000 0.000000 0.000000 0.000000
1467.5 -2 -10 -0.007338 0.000000 0.000000 0.000000 0.000000
1472.5 -2 -10 -0.007363 0.000000 0.000000 0.000000 0.000000
1477.5 -2 -10 -0.007388 0.000000 0.000000 0.000000 0.000000
1482.5 -2 -10 -0.007413 0.000000 0.000000 0.000000 0.000000
1487.5 -2 -10 -0.007438 0.000000 0.000000 0.000000 0.000000
1492.5 -2 -10 -0.007463 0.000000 0.000000 0.000000 0.000000
1497.5 -2 -10 -0.007488 0.000000 0.000000 0.000000 0.000000
1502.5 -2 -10 -0.007513 0.000000 0.000000 0.000000 0.000000
1507.5 -2 -10 -0.007538 0.000000 0.000000 0.000000 0.000000
1512.5 -2 -10 -0.007563 0.000000 0.000000 0.000000 0.000000
1517.5 -2 -10 -0.007587 0.000000 0.000000 0.000000 0.000000
1522.5 -2 -10 -0.007613 0.000000 0.000000 0.000000 0.000000
1527.5 -2 -10 -0.007637 0.000000 0.000000 0.000000 0.000000
1532.5 -2 -10 -0.007663 0.000000 0.000000 0.000000 0.000000
1537.5 -2 -10 -0.007688 0.000000 0.000000 0.000000 0.000000
1542.5 -2 -10 -0.007713 0.000000 0.000000 0.000000 0.000000
1547.5 -2 -10 -0.007738 0.000000 0.000000 0.000000 0.000000
1552.5 -2 -10 -0.007763 0.000000 0.000000 0.000000 0.000000
1557.5 -2 -10 -0.007788 0.000000 0.000000 0.000000 0.000000
1562.5 -2 -10 -0.007812 0.000000 0.000000 0.000000 0.000000
1567.5 -2 -10 -0.007838 0.000000 0.000000 0.000000 0.000000
1572.5 -2 -10 -0.007862 0.000000 0.000000 0.000000 0.000000
1577.5 -2 -10 -0.007888 0.000000 0.000000 0.000000 0.000000
1582.5 -2 -10 -0.007912 0.000000 0.000000 0.000000 0.000000
1587.5 -2 -10 -0.007938 0.000000 0.000000 0.000000 0.000000
1592.5 -2 -10 -0.007963 0.000000 0.000000 0.000000 0.000000
1597.5 -2 -10 -0.007988 0.000000 0.000000 0.000000 0.000000
1602.5 -2 -10 -0.007988 0.000000 0.000000 0.000000 0.000000
1607.5 -2 -10 -0.007988 0.000000 0.000000 0.000000 0.000000
1612.5 -2 -10 -0.007988 0.000000 0.000000 0.000000 0.000000
1617.5 -2 -10 -0.007988 0.000000 0.000000 0.000000 0.000000
1622.5 -2 -10 -0.007988 0.000000 0.000000 0.000000 0.000000
1627.5 -2 -10 -0.007988 0.000000 0.000000 0.000000 0.000000
1632.5 -2 -10 -0.007988 0.000000 0.000000 0.000000 0.000000
1637.5 -2 -10 -0.007988 0.000000 0.000000 0.000000 0.000000
1642.5 -2 -10 -0.007989 0.000000 0.000000 0.000000 0.000000
1647.5 -2 -10 -0.007989 0.000000 0.000000 0.000000 0.000000
1652.5 -2 -10 -0.007989 0.000000 0.000000 0.000000 0.000000
1657.5 -2 -10 -0.007989 0.000000 0.000000 0.000000 0.000000
1662.5 -2 -10 -0.007989 0.000000 0.000000 0.000000 0.000000
1667.5 -2 -10 -0.007989 0.000000 0.000000 0.000000 0.000000
1672.5 -2 -10 -0.007989 0.000000 0.000000 0.000000 0.000000
1677.5 -2 -10 -0.007989 0.000000 0.000000 0.000000 0.000000
1682.5 -2 -10 -0.007990 0.000000 0.000000 0.000000 0.000000
1687.5 -2 -10 -0.007990 0.000000 0.000000 0.000000 0.000000
1692.5 -2 -10 -0.007990 0.000000 0.000000 0.000000 0.000000
1697.5 -2 -10 -0.007990 0.000000 0.000000 0.000000 0.000000
1702.5 -2 -10 -0.007990 0.000000 0.000000 0.000000 0.000000
1707.5 -2 -10 -0.007990 0.000000 0.000000 0.000000 0.000000
1712.5 -2 -10 -0.007990 0.000000 0.000000 0.000000 0.000000
1717.5 -2 -10 -0.007990 0.000000 0.000000 0.000000 0.000000
1722.5 -2 -10 -0.007990 0.000000 0.000000 0.000000 0.000000
1727.5 -2 -10 -0.007991 0.000000 0.000000 0.000000 0.000000
1732.5 -2 -10 -0.007991 0.000000 0.000000 0.000000 0.000000
1737.5 -2 -10 -0.007991 0.000000 0.000000 0.000000 0.000000
1742.5 -2 -10 -0.007991 0.000000 0.000000 0.000000 0.000000
1747.5 -2 -10 -0.007991 0.000000 0.000000 0.000000 0.000000
1752.5 -2 -10 -0.007991 0.000000 0.000000 0.000000 0.000000
1757.5 -2 -10 -0.007991 0.000000 0.000000 0.000000 0.000000
1762.5 -2 -10 -0.007991 0.000000 0.000000 0.000000 0.000000
1767.5 -2 -10 -0.007992 0.000000 0.000000 0.000000 0.000000
1772.5 -2 -10 -0.007992 0.000000 0.000000 0.000000 0.000000
1777.5 -2 -10 -0.007992 0.000000 0.000000 0.000000 0.000000
1782.5 -2 -10 -0.007992 0.000000 0.000000 0.000000 0.000000
1787.5 -2 -10 -0.007992 0.000000 0.000000 0.000000 0.000000
1792.5 -2 -10 -0.007992 0.000000 0.000000 0.000000 0.000000
1797.5 -2 -10 -0.007992 0.000000 0.000000 0.000000 0.000000
1802.5 -2 -10 -0.007992 0.000000 0.000000 0.000000 0.000000
1807.5 -2 -10 -0.007993 0.000000 0.000000 0.000000 0.000000
1812.5 -2 -10 -0.007993 0.000000 0.000000 0.000000 0.000000
1817.5 -2 -10 -0.007993 0.000000 0.000000 0.000000 0.000000
1822.5 -2 -10 -0.007993 0.000000 0.000000 0.000000 0.000000
1827.5 -2 -10 -0.007993 0.000000 0.000000 0.000000 0.000000
1832.5 -2 -10 -0.007993 0.000000 0.000000 0.000000 0.000000
1837.5 -2 -10 -0.007993 0.000000 0.000000 0.000000 0.000000
1842.5 -2 -10 -0.007993 0.000000 0.000000 0.000000 0.000000
1847.5 -2 -10 -0.007993 0.000000 0.000000 0.000000 0.000000
1852.5 -2 -10 -0.007994 0.000000 0.000000 0.000000 0.000000
1857.5 -2 -10 -0.007994 0.000000 0.000000 0.000000 0.000000
1862.5 -2 -10 -0.007994 0.000000 0.000000 0.000000 0.000000
1867.5 -2 -10 -0.007994 0.000000 0.000000 0.000000 0.000000
1872.5 -2 -10 -0.007994 0.000000 0.000000 0.000000 0.000000
1877.5 -2 -10 -0.007994 0.000000 0.000000 0.000000 0.000000
1882.5 -2 -10 -0.007994 0.000000 0.000000 0.000000 0.000000
1887.5 -2 -10 -0.007994 0.000000 0.000000 0.000000 0.000000
1892.5 -2 -10 -0.007995 0.000000 0.000000 0.000000 0.000000
1897.5 -2 -10 -0.007995 0.000000 0.000000 0.000000 0.000000
1902.5 -2 -10 -0.007995 0.000000 0.000000 0.000000 0.000000
1907.5 -2 -10 -0.007995 0.000000 0.000000 0.000000 0.000000
1912.5 -2 -10 -0.007995 0.000000 0.000000 0.000000 0.000000
1917.5 -2 -10 -0.007995 0.000000 0.000000 0.000000 0.000000
1922.5 -2 -10 -0.007995 0.000000 0.000000 0.000000 0.000000
1927.5 -2 -10 -0.007995 0.000000 0.000000 0.000000 0.000000
1932.5 -2 -10 -0.007995 0.000000 0.000000 0.000000 0.000000
1937.5 -2 -10 -0.007996 0.000000 0.000000 0.000000 0.000000
1942.5 -2 -10 -0.007996 0.000000 0.000000 0.000000 0.000000
1947.5 -2 -10 -0.007996 0.000000 0.000000 0.000000 0.000000
1952.5 -2 -10 -0.007996 0.000000 0.000000 0.000000 0.000000
1957.5 -2 -10 -0.007996 0.000000 0.000000 0.000000 0.000000
1962.5 -2 -10 -0.007996 0.000000 0.000000 0.000000 0.000000
1967.5 -2 -10 -0.007996 0.000000 0.000000 0.000000 0.000000
1972.5 -2 -10 -0.007996 0.000000 0.000000 0.000000 0.000000
1977.5 -2 -10 -0.007997 0.000000 0.000000 0.000000 0.000000
1982.5 -2 -10 -0.007997 0.000000 0.000000 0.000000 0.000000
1987.5 -2 -10 -0.007997 0.000000 0.000000 0.000000 0.000000
1992.5 -2 -10 -0.007997 0.000000 0.000000 0.000000 0.000000
1997.5 -2 -10 -0.007997 0.000000 0.000000 0.000000 0.000000
2002.5 -2 -10 -0.007997 0.000000 0.000000 0.000000 0.000000
2007.5 -2 -10 -0.007997 0.000000 0.000000 0.000000 0.000000
2012.5 -2 -10 -0.007997 0.000000 0.000000 0.000000 0.000000
2017.5 -2 -10 -0.007998 0.000000 0.000000 0.000000 0.000000
2022.5 -2 -10 -0.007998 0.000000 0.000000 0.000000 0.000000
2027.5 -2 -10 -0.007998 0.000000 0.000000 0.000000 0.000000
2032.5 -2 -10 -0.007998 0.000000 0.000000 0.000000 0.000000
2037.5 -2 -10 -0.007998 0.000000 0.000000 0.000000 0.000000
2042.5 -2 -10 -0.007998 0.000000 0.000000 0.000000 0.000000
2047.5 -2 -10 -0.007998 0.000000 0.000000 0.000000 0.000000
2052.5 -2 -10 -0.007998 0.000000 0.000000 0.000000 0.000000
2057.5 -2 -10 -0.007998 0.000000 0.000000 0.000000 0.000000
2062.5 -2 -10 -0.007999 0.000000 0.000000 0.000000 0.000000
2067.5 -2 -10 -0.007999 0.000000 0.000000 0.000000 0.000000
2072.5 -2 -10 -0.007999 0.000000 0.000000 0.000000 0.000000
2077.5 -2 -10 -0.007999 0.000000 0.000000 0.000000 0.000000
2082.5 -2 -10 -0.007999 0.000000 0.000000 0.000000 0.000000
2087.5 -2 -10 -0.007999 0.000000 0.000000 0.000000 0.000000
2092.5 -2 -10 -0.007999 0.000000 0.000000 0.000000 0.000000
2097.5 -2 -10 -0.007999 0.000000 0.000000 0.000000 0.000000
2102.5 -2 -10 -0.008000 0.000000 0.000000 0.000000 0.000000
2107.5 -2 -10 -0.008000 0.000000 0.000000 0.000000 0.000000
2112.5 -2 -10 -0.008000 0.000000 0.000000 0.000000 0.000000
2117.5 -2 -10 -0.008000 0.000000 0.000000 0.000000 0.000000
2122.5 -2 -10 -0.008000 0.000000 0.000000 0.000000 0.000000
2127.5 -2 -10 -0.008000 0.000000 0.000000 0.000000 0.000000
2132.5 -2 -10 -0.008000 0.000000 0.000000 0.000000 0.000000
2137.5 -2 -10 -0.008000 0.000000 0.000000 0.000000 0.000000
2142.5 -2 -10 -0.008000 0.000000 0.000000 0.000000 0.000000
2147.5 -2 -10 -0.008000 0.000000 0.000000 0.000000 0.000000
2152.5 -2 -10 -0.008000 0.000000 0.000000 0.000000 0.000000
2157.5 -2 -10 -0.008000 0.000000 0.000000 0.000000 0.000000
2162.5 -2 -10 -0.008000 0.000000 0.000000 0.000000 0.000000
2167.5 -2 -10 -0.008000 0.000000 0.000000 0.000000 0.000000
2172.5 -2 -10 -0.008000 0.000000 0.000000 0.000000 0.000000
2177.5 -2 -10 -0.008000 0.000000 0.000000 0.000000 0.000000
2182.5 -2 -10 -0.008000 0.000000 0.000000 0.000000 0.000000
2187.5 -2 -10 -0.008000 0.000000 0.000000 0.000000 0.000000
2192.5 -2 -10 -0.008000 0.000000 0.000000 0.000000 0.000000
2197.5 -2 -10 -0.008000 0.000000 0.000000 0.000000 0.000000
2202.5 -2 -10 -0.008000 0.000000 0.000000 0.000000 0.000000
2207.5 -2 -10 -0.008000 0.000000 0.000000 0.000000 0.000000
2212.5 -2 -10 -0.008000 0.000000 0.000000 0.000000 0.000000
2217.5 -2 -10 -0.008000 0.000000 0.000000 0.000000 0.000000
2222.5 -2 -10 -0.008000 0.000000 0.000000 0.000000 0.000000
2227.5 -2 -10 -0.008000 0.000000 0.000000 0.000000 0.000000
2232.5 -2 -10 -0.008000 0.000000 0.000000 0.000000 0.000000
2237.5 -2 -10 -0.008000 0.000000 0.000000 0.000000 0.000000
2242.5 -2 -10 -0.008000 0.000000 0.000000 0.000000 0.000000
2247.5 -2 -10 -0.008000 0.000000 0.000000 0.000000 0.000000
2252.5 -2 -10 -0.008000 0.000000 0.000000 0.000000 0.000000
2257.5 -2 -10 -0.008000 0.000000 0.000000 0.000000 0.000000
2262.5 -2 -10 -0.008000 0.000000 0.000000 0.000000 0.000000
2267.5 -2 -10 -0.008000 0.000000 0.000000 0.000000 0.000000
2272.5 -2 -10 -0.008000 0.000000 0.000000 0.000000 0.000000
2277.5 -2 -10 -0.008000 0.000000 0.000000 0.000000 0.000000
2282.5 -2 -10 -0.008000 0.000000 0.000000 0.000000 0.000000
2287.5 -2 -10 -0.008000 0.000000 0.000000 0.000000 0.000000
2292.5 -2 -10 -0.008000 0.000000 0.000000 0.000000 0.000000
2297.5 -2 -10 -0.008000 0.000000 0.000000 0.000000 0.000000
2302.5 -2 -10 -0.008000 0.000000 0.000000 0.000000 0.000000
2307.5 -2 -10 -0.008000 0.000000 0.000000 0.000000 0.000000
2312.5 -2 -10 -0.008000 0.000000 0.000000 0.000000 0.000000
2317.5 -2 -10 -0.008000 0.000000 0.000000 0.000000 0.000000
2322.5 -2 -10 -0.008000 0.000000 0.000000 0.000000 0.000000
2327.5 -2 -10 -0.008000 0.000000 0.000000 0.000000 0.000000
2332.5 -2 -10 -0.008000 0.000000 0.000000 0.000000 0.000000
2337.5 -2 -10 -0.008000 0.000000 0.000000 0.000000 0.000000
2342.5 -2 -10 -0.008000 0.000000 0.000000 0.000000 0.000000
2347.5 -2 -10 -0.008000 0.000000 0.000000 0.000000 0.000000
2352.5 -2 -10 -0.008000 0.000000 0.000000 0.000000 0.000000
2357.5 -2 -10 -0.008000 0.000000 0.000000 0.000000 0.000000
2362.5 -2 -10 -0.008000 0.000000 0.000000 0.000000 0.000000
2367.5 -2 -10 -0.008000 0.000000 0.000000 0.000000 0.000000
2372.5 -2 -10 -0.008000 0.000000 0.000000 0.000000 0.000000
2377.5 -2 -10 -0.008000 0.000000 0.000000 0.000000 0.000000
2382.5 -2 -10 -0.008000 0.000000 0.000000 0.000000 0.000000
2387.5 -2 -10 -0.008000 0.000000 0.000000 0.000000 0.000000
2392.5 -2 -10 -0.008000 0.000000 0.000000 0.000000 0.000000
2397.5 -2 -10 -0.008000 0.000000 0.000000 0.000000 0.000000
2402.8 -2 -10 -0.008000 0.000000 0.000000 0.000000 0.000000
2408.6 -2 -10 -0.008000 0.000000 0.000000 0.000000 0.000000
2414.9 -2 -10 -0.008000 0.000000 0.000000 0.000000 0.000000
2421.8 -2 -10 -0.008000 0.000000 0.000000 0.000000 0.000000
2429.4 -2 -10 -0.008000 0.000000 0.000000 0.000000 0.000000
2437.8 -2 -10 -0.008000 0.000000 0.000000 0.000000 0.000000
2446.9 -2 -10 -0.008000 0.000000 0.000000 0.000000 0.000000
2456.9 -2 -10 -0.008000 0.000000 0.000000 0.000000 0.000000
2467.8 -2 -10 -0.008000 0.000000 0.000000 0.000000 0.000000
2479.8 -2 -10 -0.008000 0.000000 0.000000 0.000000 0.000000
2492.9 -2 -10 -0.008000 0.000000 0.000000 0.000000 0.000000
2507.2 -2 -10 -0.008000 0.000000 0.000000 0.000000 0.000000
2522.9 -2 -10 -0.008000 0.000000 0.000000 0.000000 0.000000
2540.1 -2 -10 -0.008000 0.000000 0.000000 0.000000 0.000000
2559.0 -2 -10 -0.008000 0.000000 0.000000 0.000000 0.000000
2579.6 -2 -10 -0.008000 0.000000 0.000000 0.000000 0.000000
2602.2 -2 -10 -0.008000 0.000000 0.000000 0.000000 0.000000
2626.9 -2 -10 -0.008000 0.000000 0.000000 0.000000 0.000000
2654.0 -2 -10 -0.008000 0.000000 0.000000 0.000000 0.000000
2683.7 -2 -10 -0.008000 0.000000 0.000000 0.000000 0.000000
2716.1 -2 -10 -0.008000 0.000000 0.000000 0.000000 0.000000
2751.7 -2 -10 -0.008000 0.000000 0.000000 0.000000 0.000000
2790.6 -2 -10 -0.008000 0.000000 0.000000 0.000000 0.000000
2833.3 -2 -10 -0.008000 0.000000 0.000000 0.000000 0.000000
2880.0 -2 -10 -0.008000 0.000000 0.000000 0.000000 0.000000
2931.1 -2 -10 -0.008000 0.000000 0.000000 0.000000 0.000000
2987.1 -2 -10 -0.008000 0.000000 0.000000 0.000000 0.000000
3048.4 -2 -10 -0.008000 0.000000 0.000000 0.000000 0.000000
