#ASTEX case using nonequidistant vertical grid as in EUCLIPSE, Nlev =427
#height sc1 sc2
 7.5 0.0037 0.0000
22.5 0.0111 0.0000
37.5 0.0185 0.0000
52.5 0.0258 0.0000
67.5 0.0332 0.0000
82.5 0.0406 0.0000
97.5 0.0480 0.0000
112.5 0.0554 0.0000
127.5 0.0627 0.0000
142.5 0.0701 0.0000
157.5 0.0775 0.0000
172.5 0.0849 0.0000
187.5 0.0923 0.0000
202.5 0.0996 0.0000
217.5 0.1070 0.0000
232.5 0.1144 0.0000
247.5 0.1218 0.0000
262.5 0.1292 0.0000
277.5 0.1365 0.0000
292.5 0.1439 0.0000
307.5 0.1513 0.0000
322.5 0.1587 0.0000
337.5 0.1661 0.0000
352.5 0.1735 0.0000
367.5 0.1808 0.0000
382.5 0.1882 0.0000
397.5 0.1956 0.0000
412.5 0.2030 0.0000
427.5 0.2104 0.0000
442.5 0.2177 0.0000
457.5 0.2251 0.0000
472.5 0.2325 0.0000
487.5 0.2399 0.0000
502.5 0.2473 0.0000
517.5 0.2546 0.0000
532.5 0.2620 0.0000
546.8 0.2691 0.0000
560.0 0.2755 0.0000
571.9 0.2814 0.0000
582.9 0.2868 0.0000
592.8 0.2917 0.0000
601.9 0.2962 0.0000
610.3 0.3003 0.0000
617.9 0.3040 0.0000
624.8 0.3075 0.0000
631.2 0.3106 0.0000
636.9 0.3134 0.0000
642.4 0.3161 0.0000
647.5 0.3186 0.0000
652.5 0.3211 0.0000
657.5 0.3235 0.0000
662.5 0.3260 1.0000
667.5 0.3285 1.0000
672.5 0.3309 1.0000
677.5 0.3334 1.0000
682.5 0.3358 1.0000
687.5 0.3383 1.0000
692.5 0.3408 1.0000
697.5 0.3432 1.0000
702.5 0.3457 1.0000
707.5 0.3481 1.0000
712.5 0.3506 1.0000
717.5 0.3531 1.0000
722.5 0.3555 1.0000
727.5 0.3580 1.0000
732.5 0.3604 1.0000
737.5 0.3629 1.0000
742.5 0.3654 1.0000
747.5 0.3678 1.0000
752.5 0.3703 1.0000
757.5 0.3727 1.0000
762.5 0.3752 1.0000
767.5 0.3777 1.0000
772.5 0.3801 1.0000
777.5 0.3826 1.0000
782.5 0.3850 1.0000
787.5 0.3875 1.0000
792.5 0.3900 1.0000
797.5 0.3924 1.0000
802.5 0.3949 1.0000
807.5 0.3973 1.0000
812.5 0.3998 1.0000
817.5 0.4023 1.0000
822.5 0.4047 1.0000
827.5 0.4072 1.0000
832.5 0.4096 1.0000
837.5 0.4121 1.0000
842.5 0.4146 1.0000
847.5 0.4170 1.0000
852.5 0.4195 1.0000
857.5 0.4219 1.0000
862.5 0.4244 1.0000
867.5 0.4269 1.0000
872.5 0.4293 1.0000
877.5 0.4318 1.0000
882.5 0.4342 1.0000
887.5 0.4367 1.0000
892.5 0.4392 1.0000
897.5 0.4416 1.0000
902.5 0.4441 1.0000
907.5 0.4465 1.0000
912.5 0.4490 1.0000
917.5 0.4515 1.0000
922.5 0.4539 1.0000
927.5 0.4564 1.0000
932.5 0.4589 1.0000
937.5 0.4613 1.0000
942.5 0.4638 1.0000
947.5 0.4662 1.0000
952.5 0.4687 1.0000
957.5 0.4712 1.0000
962.5 0.4736 1.0000
967.5 0.4761 1.0000
972.5 0.4785 1.0000
977.5 0.4810 1.0000
982.5 0.4835 1.0000
987.5 0.4859 1.0000
992.5 0.4884 1.0000
997.5 0.4908 1.0000
1002.5 0.4933 1.0000
1007.5 0.4958 1.0000
1012.5 0.4982 1.0000
1017.5 0.5007 1.0000
1022.5 0.5031 1.0000
1027.5 0.5056 1.0000
1032.5 0.5081 1.0000
1037.5 0.5105 1.0000
1042.5 0.5130 1.0000
1047.5 0.5154 1.0000
1052.5 0.5179 1.0000
1057.5 0.5204 1.0000
1062.5 0.5228 1.0000
1067.5 0.5253 1.0000
1072.5 0.5277 1.0000
1077.5 0.5302 1.0000
1082.5 0.5327 1.0000
1087.5 0.5351 1.0000
1092.5 0.5376 1.0000
1097.5 0.5400 1.0000
1102.5 0.5425 1.0000
1107.5 0.5450 1.0000
1112.5 0.5474 1.0000
1117.5 0.5499 1.0000
1122.5 0.5523 1.0000
1127.5 0.5548 1.0000
1132.5 0.5573 1.0000
1137.5 0.5597 1.0000
1142.5 0.5622 1.0000
1147.5 0.5646 1.0000
1152.5 0.5671 1.0000
1157.5 0.5696 1.0000
1162.5 0.5720 1.0000
1167.5 0.5745 1.0000
1172.5 0.5769 1.0000
1177.5 0.5794 1.0000
1182.5 0.5819 1.0000
1187.5 0.5843 1.0000
1192.5 0.5868 1.0000
1197.5 0.5892 1.0000
1202.5 0.5917 1.0000
1207.5 0.5942 1.0000
1212.5 0.5966 1.0000
1217.5 0.5991 1.0000
1222.5 0.6016 1.0000
1227.5 0.6040 1.0000
1232.5 0.6065 1.0000
1237.5 0.6089 1.0000
1242.5 0.6114 1.0000
1247.5 0.6139 1.0000
1252.5 0.6163 1.0000
1257.5 0.6188 1.0000
1262.5 0.6212 1.0000
1267.5 0.6237 1.0000
1272.5 0.6262 1.0000
1277.5 0.6286 1.0000
1282.5 0.6311 1.0000
1287.5 0.6335 1.0000
1292.5 0.6360 1.0000
1297.5 0.6385 1.0000
1302.5 0.6409 1.0000
1307.5 0.6434 1.0000
1312.5 0.6458 1.0000
1317.5 0.6483 1.0000
1322.5 0.6508 1.0000
1327.5 0.6532 1.0000
1332.5 0.6557 1.0000
1337.5 0.6581 1.0000
1342.5 0.6606 1.0000
1347.5 0.6631 1.0000
1352.5 0.6655 1.0000
1357.5 0.6680 1.0000
1362.5 0.6704 1.0000
1367.5 0.6729 1.0000
1372.5 0.6754 1.0000
1377.5 0.6778 1.0000
1382.5 0.6803 1.0000
1387.5 0.6827 1.0000
1392.5 0.6852 1.0000
1397.5 0.6877 1.0000
1402.5 0.6901 1.0000
1407.5 0.6926 1.0000
1412.5 0.6950 1.0000
1417.5 0.6975 1.0000
1422.5 0.7000 1.0000
1427.5 0.7024 1.0000
1432.5 0.7049 1.0000
1437.5 0.7073 1.0000
1442.5 0.7098 1.0000
1447.5 0.7123 1.0000
1452.5 0.7147 1.0000
1457.5 0.7172 1.0000
1462.5 0.7196 1.0000
1467.5 0.7221 1.0000
1472.5 0.7246 1.0000
1477.5 0.7270 1.0000
1482.5 0.7295 1.0000
1487.5 0.7319 1.0000
1492.5 0.7344 1.0000
1497.5 0.7369 1.0000
1502.5 0.7393 1.0000
1507.5 0.7418 1.0000
1512.5 0.7442 1.0000
1517.5 0.7467 1.0000
1522.5 0.7492 1.0000
1527.5 0.7516 1.0000
1532.5 0.7541 1.0000
1537.5 0.7566 1.0000
1542.5 0.7590 1.0000
1547.5 0.7615 1.0000
1552.5 0.7639 1.0000
1557.5 0.7664 1.0000
1562.5 0.7689 1.0000
1567.5 0.7713 1.0000
1572.5 0.7738 1.0000
1577.5 0.7762 1.0000
1582.5 0.7787 1.0000
1587.5 0.7812 1.0000
1592.5 0.7836 1.0000
1597.5 0.7861 1.0000
1602.5 0.7885 1.0000
1607.5 0.7910 1.0000
1612.5 0.7935 1.0000
1617.5 0.7959 1.0000
1622.5 0.7984 1.0000
1627.5 0.8008 1.0000
1632.5 0.8033 1.0000
1637.5 0.8058 1.0000
1642.5 0.8082 1.0000
1647.5 0.8107 1.0000
1652.5 0.8131 1.0000
1657.5 0.8156 1.0000
1662.5 0.8181 1.0000
1667.5 0.8205 1.0000
1672.5 0.8230 1.0000
1677.5 0.8254 1.0000
1682.5 0.8279 1.0000
1687.5 0.8304 1.0000
1692.5 0.8328 1.0000
1697.5 0.8353 1.0000
1702.5 0.8377 1.0000
1707.5 0.8402 1.0000
1712.5 0.8427 1.0000
1717.5 0.8451 1.0000
1722.5 0.8476 1.0000
1727.5 0.8500 1.0000
1732.5 0.8525 1.0000
1737.5 0.8550 1.0000
1742.5 0.8574 1.0000
1747.5 0.8599 1.0000
1752.5 0.8623 1.0000
1757.5 0.8648 1.0000
1762.5 0.8673 1.0000
1767.5 0.8697 1.0000
1772.5 0.8722 1.0000
1777.5 0.8746 1.0000
1782.5 0.8771 1.0000
1787.5 0.8796 1.0000
1792.5 0.8820 1.0000
1797.5 0.8845 1.0000
1802.5 0.8869 1.0000
1807.5 0.8894 1.0000
1812.5 0.8919 1.0000
1817.5 0.8943 1.0000
1822.5 0.8968 1.0000
1827.5 0.8993 1.0000
1832.5 0.9017 1.0000
1837.5 0.9042 1.0000
1842.5 0.9066 1.0000
1847.5 0.9091 1.0000
1852.5 0.9116 1.0000
1857.5 0.9140 1.0000
1862.5 0.9165 1.0000
1867.5 0.9189 1.0000
1872.5 0.9214 1.0000
1877.5 0.9239 1.0000
1882.5 0.9263 1.0000
1887.5 0.9288 1.0000
1892.5 0.9312 1.0000
1897.5 0.9337 1.0000
1902.5 0.9362 1.0000
1907.5 0.9386 1.0000
1912.5 0.9411 1.0000
1917.5 0.9435 1.0000
1922.5 0.9460 1.0000
1927.5 0.9485 1.0000
1932.5 0.9509 1.0000
1937.5 0.9534 1.0000
1942.5 0.9558 1.0000
1947.5 0.9583 1.0000
1952.5 0.9608 1.0000
1957.5 0.9632 1.0000
1962.5 0.9657 1.0000
1967.5 0.9681 1.0000
1972.5 0.9706 1.0000
1977.5 0.9731 1.0000
1982.5 0.9755 1.0000
1987.5 0.9780 1.0000
1992.5 0.9804 1.0000
1997.5 0.9829 1.0000
2002.5 0.9854 1.0000
2007.5 0.9878 1.0000
2012.5 0.9903 1.0000
2017.5 0.9927 1.0000
2022.5 0.9952 1.0000
2027.5 0.9977 1.0000
2032.5 1.0001 1.0000
2037.5 1.0026 1.0000
2042.5 1.0050 1.0000
2047.5 1.0075 1.0000
2052.5 1.0100 1.0000
2057.5 1.0124 1.0000
2062.5 1.0149 1.0000
2067.5 1.0173 1.0000
2072.5 1.0198 1.0000
2077.5 1.0223 1.0000
2082.5 1.0247 1.0000
2087.5 1.0272 1.0000
2092.5 1.0296 1.0000
2097.5 1.0321 1.0000
2102.5 1.0346 1.0000
2107.5 1.0370 1.0000
2112.5 1.0395 1.0000
2117.5 1.0419 1.0000
2122.5 1.0444 1.0000
2127.5 1.0469 1.0000
2132.5 1.0493 1.0000
2137.5 1.0518 1.0000
2142.5 1.0543 1.0000
2147.5 1.0567 1.0000
2152.5 1.0592 1.0000
2157.5 1.0616 1.0000
2162.5 1.0641 1.0000
2167.5 1.0666 1.0000
2172.5 1.0690 1.0000
2177.5 1.0715 1.0000
2182.5 1.0739 1.0000
2187.5 1.0764 1.0000
2192.5 1.0789 1.0000
2197.5 1.0813 1.0000
2202.5 1.0838 1.0000
2207.5 1.0862 1.0000
2212.5 1.0887 1.0000
2217.5 1.0912 1.0000
2222.5 1.0936 1.0000
2227.5 1.0961 1.0000
2232.5 1.0985 1.0000
2237.5 1.1010 1.0000
2242.5 1.1035 1.0000
2247.5 1.1059 1.0000
2252.5 1.1084 1.0000
2257.5 1.1108 1.0000
2262.5 1.1133 1.0000
2267.5 1.1158 1.0000
2272.5 1.1182 1.0000
2277.5 1.1207 1.0000
2282.5 1.1231 1.0000
2287.5 1.1256 1.0000
2292.5 1.1281 1.0000
2297.5 1.1305 1.0000
2302.5 1.1330 1.0000
2307.5 1.1354 1.0000
2312.5 1.1379 1.0000
2317.5 1.1404 1.0000
2322.5 1.1428 1.0000
2327.5 1.1453 1.0000
2332.5 1.1477 1.0000
2337.5 1.1502 1.0000
2342.5 1.1527 1.0000
2347.5 1.1551 1.0000
2352.5 1.1576 1.0000
2357.5 1.1600 1.0000
2362.5 1.1625 1.0000
2367.5 1.1650 1.0000
2372.5 1.1674 1.0000
2377.5 1.1699 1.0000
2382.5 1.1723 1.0000
2387.5 1.1748 1.0000
2392.5 1.1773 1.0000
2397.5 1.1797 1.0000
2402.8 1.1823 1.0000
2408.6 1.1852 1.0000
2414.9 1.1883 1.0000
2421.8 1.1917 1.0000
2429.4 1.1954 1.0000
2437.8 1.1995 1.0000
2446.9 1.2040 1.0000
2456.9 1.2089 1.0000
2467.8 1.2143 1.0000
2479.8 1.2202 1.0000
2492.9 1.2267 1.0000
2507.2 1.2337 1.0000
2522.9 1.2414 1.0000
2540.1 1.2499 1.0000
2559.0 1.2592 1.0000
2579.6 1.2693 1.0000
2602.2 1.2804 1.0000
2626.9 1.2926 1.0000
2654.0 1.3059 1.0000
2683.7 1.3205 1.0000
2716.1 1.3365 1.0000
2751.7 1.3540 1.0000
2790.6 1.3732 1.0000
2833.3 1.3942 1.0000
2880.0 1.4171 1.0000
2931.1 1.4423 1.0000
2987.1 1.4698 1.0000
3048.4 1.5000 1.0000
