#ASTEX case using nonequidistant vertical grid as in EUCLIPSE, Nlev =427
#height sv1 sv2
 7.5 0.0 0.0
22.5 0.0 0.0
37.5 0.0 0.0
52.5 0.0 0.0
67.5 0.0 0.0
82.5 0.0 0.0
97.5 0.0 0.0
112.5 0.0 0.0
127.5 0.0 0.0
142.5 0.0 0.0
157.5 0.0 0.0
172.5 0.0 0.0
187.5 0.0 0.0
202.5 0.0 0.0
217.5 0.0 0.0
232.5 0.0 0.0
247.5 0.0 0.0
262.5 0.0 0.0
277.5 0.0 0.0
292.5 0.0 0.0
307.5 0.0 0.0
322.5 0.0 0.0
337.5 0.0 0.0
352.5 0.0 0.0
367.5 0.0 0.0
382.5 0.0 0.0
397.5 0.0 0.0
412.5 0.0 0.0
427.5 0.0 0.0
442.5 0.0 0.0
457.5 0.0 0.0
472.5 0.0 0.0
487.5 0.0 0.0
502.5 0.0 0.0
517.5 0.0 0.0
532.5 0.0 0.0
546.8 0.0 0.0
560.0 0.0 0.0
571.9 0.0 0.0
582.9 0.0 0.0
592.8 0.0 0.0
601.9 0.0 0.0
610.3 0.0 0.0
617.9 0.0 0.0
624.8 0.0 0.0
631.2 0.0 0.0
636.9 0.0 0.0
642.4 0.0 0.0
647.5 0.0 0.0
652.5 0.0 0.0
657.5 0.0 0.0
662.5 0.0 0.0
667.5 0.0 0.0
672.5 0.0 0.0
677.5 0.0 0.0
682.5 0.0 0.0
687.5 0.0 0.0
692.5 0.0 0.0
697.5 0.0 0.0
702.5 0.0 0.0
707.5 0.0 0.0
712.5 0.0 0.0
717.5 0.0 0.0
722.5 0.0 0.0
727.5 0.0 0.0
732.5 0.0 0.0
737.5 0.0 0.0
742.5 0.0 0.0
747.5 0.0 0.0
752.5 0.0 0.0
757.5 0.0 0.0
762.5 0.0 0.0
767.5 0.0 0.0
772.5 0.0 0.0
777.5 0.0 0.0
782.5 0.0 0.0
787.5 0.0 0.0
792.5 0.0 0.0
797.5 0.0 0.0
802.5 0.0 0.0
807.5 0.0 0.0
812.5 0.0 0.0
817.5 0.0 0.0
822.5 0.0 0.0
827.5 0.0 0.0
832.5 0.0 0.0
837.5 0.0 0.0
842.5 0.0 0.0
847.5 0.0 0.0
852.5 0.0 0.0
857.5 0.0 0.0
862.5 0.0 0.0
867.5 0.0 0.0
872.5 0.0 0.0
877.5 0.0 0.0
882.5 0.0 0.0
887.5 0.0 0.0
892.5 0.0 0.0
897.5 0.0 0.0
902.5 0.0 0.0
907.5 0.0 0.0
912.5 0.0 0.0
917.5 0.0 0.0
922.5 0.0 0.0
927.5 0.0 0.0
932.5 0.0 0.0
937.5 0.0 0.0
942.5 0.0 0.0
947.5 0.0 0.0
952.5 0.0 0.0
957.5 0.0 0.0
962.5 0.0 0.0
967.5 0.0 0.0
972.5 0.0 0.0
977.5 0.0 0.0
982.5 0.0 0.0
987.5 0.0 0.0
992.5 0.0 0.0
997.5 0.0 0.0
1002.5 0.0 0.0
1007.5 0.0 0.0
1012.5 0.0 0.0
1017.5 0.0 0.0
1022.5 0.0 0.0
1027.5 0.0 0.0
1032.5 0.0 0.0
1037.5 0.0 0.0
1042.5 0.0 0.0
1047.5 0.0 0.0
1052.5 0.0 0.0
1057.5 0.0 0.0
1062.5 0.0 0.0
1067.5 0.0 0.0
1072.5 0.0 0.0
1077.5 0.0 0.0
1082.5 0.0 0.0
1087.5 0.0 0.0
1092.5 0.0 0.0
1097.5 0.0 0.0
1102.5 0.0 0.0
1107.5 0.0 0.0
1112.5 0.0 0.0
1117.5 0.0 0.0
1122.5 0.0 0.0
1127.5 0.0 0.0
1132.5 0.0 0.0
1137.5 0.0 0.0
1142.5 0.0 0.0
1147.5 0.0 0.0
1152.5 0.0 0.0
1157.5 0.0 0.0
1162.5 0.0 0.0
1167.5 0.0 0.0
1172.5 0.0 0.0
1177.5 0.0 0.0
1182.5 0.0 0.0
1187.5 0.0 0.0
1192.5 0.0 0.0
1197.5 0.0 0.0
1202.5 0.0 0.0
1207.5 0.0 0.0
1212.5 0.0 0.0
1217.5 0.0 0.0
1222.5 0.0 0.0
1227.5 0.0 0.0
1232.5 0.0 0.0
1237.5 0.0 0.0
1242.5 0.0 0.0
1247.5 0.0 0.0
1252.5 0.0 0.0
1257.5 0.0 0.0
1262.5 0.0 0.0
1267.5 0.0 0.0
1272.5 0.0 0.0
1277.5 0.0 0.0
1282.5 0.0 0.0
1287.5 0.0 0.0
1292.5 0.0 0.0
1297.5 0.0 0.0
1302.5 0.0 0.0
1307.5 0.0 0.0
1312.5 0.0 0.0
1317.5 0.0 0.0
1322.5 0.0 0.0
1327.5 0.0 0.0
1332.5 0.0 0.0
1337.5 0.0 0.0
1342.5 0.0 0.0
1347.5 0.0 0.0
1352.5 0.0 0.0
1357.5 0.0 0.0
1362.5 0.0 0.0
1367.5 0.0 0.0
1372.5 0.0 0.0
1377.5 0.0 0.0
1382.5 0.0 0.0
1387.5 0.0 0.0
1392.5 0.0 0.0
1397.5 0.0 0.0
1402.5 0.0 0.0
1407.5 0.0 0.0
1412.5 0.0 0.0
1417.5 0.0 0.0
1422.5 0.0 0.0
1427.5 0.0 0.0
1432.5 0.0 0.0
1437.5 0.0 0.0
1442.5 0.0 0.0
1447.5 0.0 0.0
1452.5 0.0 0.0
1457.5 0.0 0.0
1462.5 0.0 0.0
1467.5 0.0 0.0
1472.5 0.0 0.0
1477.5 0.0 0.0
1482.5 0.0 0.0
1487.5 0.0 0.0
1492.5 0.0 0.0
1497.5 0.0 0.0
1502.5 0.0 0.0
1507.5 0.0 0.0
1512.5 0.0 0.0
1517.5 0.0 0.0
1522.5 0.0 0.0
1527.5 0.0 0.0
1532.5 0.0 0.0
1537.5 0.0 0.0
1542.5 0.0 0.0
1547.5 0.0 0.0
1552.5 0.0 0.0
1557.5 0.0 0.0
1562.5 0.0 0.0
1567.5 0.0 0.0
1572.5 0.0 0.0
1577.5 0.0 0.0
1582.5 0.0 0.0
1587.5 0.0 0.0
1592.5 0.0 0.0
1597.5 0.0 0.0
1602.5 0.0 0.0
1607.5 0.0 0.0
1612.5 0.0 0.0
1617.5 0.0 0.0
1622.5 0.0 0.0
1627.5 0.0 0.0
1632.5 0.0 0.0
1637.5 0.0 0.0
1642.5 0.0 0.0
1647.5 0.0 0.0
1652.5 0.0 0.0
1657.5 0.0 0.0
1662.5 0.0 0.0
1667.5 0.0 0.0
1672.5 0.0 0.0
1677.5 0.0 0.0
1682.5 0.0 0.0
1687.5 0.0 0.0
1692.5 0.0 0.0
1697.5 0.0 0.0
1702.5 0.0 0.0
1707.5 0.0 0.0
1712.5 0.0 0.0
1717.5 0.0 0.0
1722.5 0.0 0.0
1727.5 0.0 0.0
1732.5 0.0 0.0
1737.5 0.0 0.0
1742.5 0.0 0.0
1747.5 0.0 0.0
1752.5 0.0 0.0
1757.5 0.0 0.0
1762.5 0.0 0.0
1767.5 0.0 0.0
1772.5 0.0 0.0
1777.5 0.0 0.0
1782.5 0.0 0.0
1787.5 0.0 0.0
1792.5 0.0 0.0
1797.5 0.0 0.0
1802.5 0.0 0.0
1807.5 0.0 0.0
1812.5 0.0 0.0
1817.5 0.0 0.0
1822.5 0.0 0.0
1827.5 0.0 0.0
1832.5 0.0 0.0
1837.5 0.0 0.0
1842.5 0.0 0.0
1847.5 0.0 0.0
1852.5 0.0 0.0
1857.5 0.0 0.0
1862.5 0.0 0.0
1867.5 0.0 0.0
1872.5 0.0 0.0
1877.5 0.0 0.0
1882.5 0.0 0.0
1887.5 0.0 0.0
1892.5 0.0 0.0
1897.5 0.0 0.0
1902.5 0.0 0.0
1907.5 0.0 0.0
1912.5 0.0 0.0
1917.5 0.0 0.0
1922.5 0.0 0.0
1927.5 0.0 0.0
1932.5 0.0 0.0
1937.5 0.0 0.0
1942.5 0.0 0.0
1947.5 0.0 0.0
1952.5 0.0 0.0
1957.5 0.0 0.0
1962.5 0.0 0.0
1967.5 0.0 0.0
1972.5 0.0 0.0
1977.5 0.0 0.0
1982.5 0.0 0.0
1987.5 0.0 0.0
1992.5 0.0 0.0
1997.5 0.0 0.0
2002.5 0.0 0.0
2007.5 0.0 0.0
2012.5 0.0 0.0
2017.5 0.0 0.0
2022.5 0.0 0.0
2027.5 0.0 0.0
2032.5 0.0 0.0
2037.5 0.0 0.0
2042.5 0.0 0.0
2047.5 0.0 0.0
2052.5 0.0 0.0
2057.5 0.0 0.0
2062.5 0.0 0.0
2067.5 0.0 0.0
2072.5 0.0 0.0
2077.5 0.0 0.0
2082.5 0.0 0.0
2087.5 0.0 0.0
2092.5 0.0 0.0
2097.5 0.0 0.0
2102.5 0.0 0.0
2107.5 0.0 0.0
2112.5 0.0 0.0
2117.5 0.0 0.0
2122.5 0.0 0.0
2127.5 0.0 0.0
2132.5 0.0 0.0
2137.5 0.0 0.0
2142.5 0.0 0.0
2147.5 0.0 0.0
2152.5 0.0 0.0
2157.5 0.0 0.0
2162.5 0.0 0.0
2167.5 0.0 0.0
2172.5 0.0 0.0
2177.5 0.0 0.0
2182.5 0.0 0.0
2187.5 0.0 0.0
2192.5 0.0 0.0
2197.5 0.0 0.0
2202.5 0.0 0.0
2207.5 0.0 0.0
2212.5 0.0 0.0
2217.5 0.0 0.0
2222.5 0.0 0.0
2227.5 0.0 0.0
2232.5 0.0 0.0
2237.5 0.0 0.0
2242.5 0.0 0.0
2247.5 0.0 0.0
2252.5 0.0 0.0
2257.5 0.0 0.0
2262.5 0.0 0.0
2267.5 0.0 0.0
2272.5 0.0 0.0
2277.5 0.0 0.0
2282.5 0.0 0.0
2287.5 0.0 0.0
2292.5 0.0 0.0
2297.5 0.0 0.0
2302.5 0.0 0.0
2307.5 0.0 0.0
2312.5 0.0 0.0
2317.5 0.0 0.0
2322.5 0.0 0.0
2327.5 0.0 0.0
2332.5 0.0 0.0
2337.5 0.0 0.0
2342.5 0.0 0.0
2347.5 0.0 0.0
2352.5 0.0 0.0
2357.5 0.0 0.0
2362.5 0.0 0.0
2367.5 0.0 0.0
2372.5 0.0 0.0
2377.5 0.0 0.0
2382.5 0.0 0.0
2387.5 0.0 0.0
2392.5 0.0 0.0
2397.5 0.0 0.0
2402.8 0.0 0.0
2408.6 0.0 0.0
2414.9 0.0 0.0
2421.8 0.0 0.0
2429.4 0.0 0.0
2437.8 0.0 0.0
2446.9 0.0 0.0
2456.9 0.0 0.0
2467.8 0.0 0.0
2479.8 0.0 0.0
2492.9 0.0 0.0
2507.2 0.0 0.0
2522.9 0.0 0.0
2540.1 0.0 0.0
2559.0 0.0 0.0
2579.6 0.0 0.0
2602.2 0.0 0.0
2626.9 0.0 0.0
2654.0 0.0 0.0
2683.7 0.0 0.0
2716.1 0.0 0.0
2751.7 0.0 0.0
2790.6 0.0 0.0
2833.3 0.0 0.0
2880.0 0.0 0.0
2931.1 0.0 0.0
2987.1 0.0 0.0
3048.4 0.0 0.0
